1 87.8142
2 25.2199
3 75.8136
4 93.6038
5 14.3587
6 87.7234
7 82.4906
8 46.8724
9 65.3744
10 69.2345
11 1.91065
12 60.3644
13 17.2473
14 28.1824
15 69.2976
16 72.1738
17 2.34052
18 58.0925
19 45.8961
20 90.2807
21 97.3117
22 62.2892
23 91.7919
24 52.8745
25 61.956
26 35.8199
27 30.0349
28 20.0234
29 55.7653
30 37.8773
31 57.5764
32 85.0355
33 51.8204
34 66.7685
35 36.6196
36 6.81157
37 62.0633
38 57.9299
39 85.219
40 67.4722
41 83.0524
42 84.6304
43 74.8305
44 3.6336
45 10.8925
46 42.4204
47 83.9052
48 62.5325
49 23.4326
50 33.4819
51 39.132
52 58.0181
53 83.4753
54 64.5139
55 61.4435
56 35.5361
57 11.7317
58 88.9191
59 82.1642
60 6.20048
61 87.531
62 17.1178
63 28.5347
64 50.6702
65 40.858
66 59.6092
67 95.4209
68 62.139
69 42.6295
70 35.5043
71 71.2085
72 13.3689
73 84.416
74 34.0778
75 54.794
76 48.0427
77 33.3208
78 3.60424
79 12.4179
80 40.1775
81 8.37908
82 73.1184
83 37.7672
84 88.0414
85 81.2136
86 67.7618
87 99.0195
88 54.4807
89 29.5014
90 62.3531
91 77.4634
92 2.44471
93 27.2217
94 59.2611
95 84.6332
96 21.8992
97 1.04053
98 88.2359
99 83.9552
100 12.071
101 50.1873
102 41.1329
103 27.3772
104 99.0961
105 55.0686
106 10.8611
107 10.9203
108 15.6608
109 93.8023
110 83.1994
111 80.4145
112 2.97194
113 77.3573
114 1.17947
115 47.3879
116 16.7606
117 63.7315
118 77.8078
119 49.0265
120 35.1275
121 75.1335
122 47.4285
123 7.15664
124 20.6947
125 52.015
126 70.1539
127 11.4111
128 47.8736
129 62.4032
130 29.0335
131 18.5153
132 54.3909
133 5.9902
134 18.3651
135 4.48011
136 81.1351
137 36.0582
138 75.4824
139 70.8542
140 98.1698
141 30.4463
142 3.47124
143 54.0817
144 56.5946
145 17.2311
146 51.6254
147 56.8141
148 44.2687
149 62.5793
150 18.5774
151 7.56302
152 19.6606
153 95.9721
154 20.0227
155 44.4778
156 13.87
157 91.4014
158 24.1384
159 16.8621
160 86.8232
161 2.36868
162 36.3932
163 63.0493
164 96.9252
165 99.2508
166 81.5591
167 33.2393
168 20.6263
169 91.7496
170 36.0644
171 79.774
172 27.8499
173 24.5844
174 86.5186
175 29.8007
176 42.8995
177 18.1704
178 97.7315
179 87.5085
180 34.9692
181 86.7352
182 6.68324
183 83.1472
184 94.4057
185 27.3322
186 35.7973
187 46.425
188 70.2772
189 4.68613
190 78.7658
191 13.2709
192 21.2013
193 52.5903
194 37.0172
195 56.2435
196 56.0399
197 99.2533
198 24.4763
199 52.4789
200 45.1715
201 88.9912
202 7.11122
203 49.28
204 39.1098
205 82.1214
206 80.1386
207 18.482
208 88.6763
209 60.3176
210 21.0287
211 23.2752
212 62.1403
213 65.0006
214 24.6694
215 30.8628
216 73.2896
217 43.6721
218 34.9279
219 86.3951
220 34.2787
221 65.5082
222 42.0147
223 97.1108
224 50.9597
225 54.1605
226 92.9726
227 96.9483
228 91.3759
229 90.7341
230 94.4651
231 35.6678
232 48.1371
233 36.6829
234 81.017
235 30.2017
236 51.243
237 64.508
238 60.706
239 15.56
240 81.5168
241 15.8341
242 36.3632
243 53.5957
244 6.52698
245 30.9106
246 84.9804
247 16.7103
248 10.6704
249 72.2323
250 94.0173
251 32.9411
252 57.5814
253 69.423
254 1.46638
255 18.4159
256 66.6313
257 7.64238
258 66.4698
259 66.1202
260 31.504
261 59.2636
262 28.9528
263 49.3949
264 89.5034
265 1.99462
266 85.5633
267 12.8736
268 76.372
269 73.4386
270 73.1201
271 67.3975
272 15.5827
273 67.228
274 37.8979
275 8.4041
276 97.7638
277 37.4425
278 76.6588
279 43.1255
280 54.4916
281 15.9799
282 11.8302
283 62.533
284 32.4576
285 48.5454
286 67.9205
287 93.335
288 51.0807
289 8.73755
290 59.0368
291 76.7421
292 55.7406
293 19.9014
294 85.3518
295 22.2288
296 95.8818
297 86.0162
298 99.9261
299 45.5076
300 95.1125
301 26.7881
302 97.9454
303 20.3988
304 30.4159
305 87.8311
306 11.8021
307 85.0737
308 99.4581
309 1.05154
310 75.2917
311 33.0019
312 88.8111
313 49.9406
314 53.7043
315 48.3714
316 13.5736
317 59.9173
318 26.0646
319 15.9957
320 78.6434
321 35.0265
322 59.7627
323 1.49949
324 79.8864
325 37.1807
326 32.7499
327 11.2325
328 16.1692
329 24.1324
330 13.4716
331 28.6939
332 53.0841
333 20.9212
334 96.9413
335 73.4113
336 10.251
337 52.5056
338 98.5066
339 47.2073
340 50.5618
341 1.00328
342 56.0611
343 60.5363
344 34.325
345 51.7845
346 57.525
347 12.4461
348 18.6821
349 84.3817
350 52.4587
351 2.57976
352 19.9718
353 80.7014
354 72.4143
355 83.4138
356 20.5656
357 61.8394
358 56.4232
359 7.32659
360 5.93072
361 8.59994
362 23.1056
363 81.7871
364 4.57865
365 54.3671
366 1.3868
367 66.9984
368 39.9067
369 10.6165
370 58.2512
371 41.432
372 4.91029
373 84.3077
374 95.9946
375 2.80201
376 92.3816
377 64.0675
378 82.8916
379 55.9226
380 8.99579
381 43.3023
382 57.5653
383 95.4004
384 14.7334
385 48.4267
386 52.0836
387 35.609
388 49.4711
389 82.9111
390 86.2467
391 14.873
392 19.3046
393 53.4847
394 21.0331
395 97.9902
396 80.8425
397 67.1013
398 87.2593
399 5.58842
400 96.489
401 94.3939
402 27.468
403 42.0842
404 77.4383
405 75.9361
406 73.7698
407 95.955
408 30.0329
409 84.4017
410 91.9473
411 90.5238
412 25.6494
413 68.0831
414 54.5645
415 52.747
416 96.9098
417 38.4323
418 80.1444
419 17.6536
420 25.7033
421 81.7751
422 1.8539
423 96.5401
424 62.61
425 39.3649
426 12.3029
427 87.4715
428 6.8296
429 68.1475
430 47.9966
431 50.0833
432 76.3233
433 46.0059
434 55.211
435 28.9552
436 89.6673
437 83.5252
438 11.68
439 12.0961
440 76.5008
441 60.6932
442 97.0023
443 8.90763
444 46.5368
445 68.3153
446 95.6887
447 8.67025
448 16.8978
449 93.2681
450 15.2076
451 99.1268
452 75.9475
453 67.2255
454 94.7126
455 37.4692
456 29.714
457 70.5993
458 72.203
459 97.3914
460 15.7654
461 68.6109
462 14.5911
463 33.8812
464 17.2006
465 34.3099
466 93.7363
467 62.3352
468 73.6347
469 3.12165
470 19.4996
471 63.3329
472 11.3371
473 89.9475
474 41.6567
475 19.5461
476 54.0744
477 32.0224
478 60.0765
479 29.2494
480 83.1887
481 98.8778
482 48.3481
483 18.1114
484 96.9502
485 25.0187
486 59.7485
487 60.0353
488 28.7436
489 96.0246
490 11.9844
491 79.9954
492 86.6834
493 27.2432
494 26.0669
495 55.0159
496 16.7237
497 38.9499
498 67.6128
499 69.893
500 80.2411
501 58.3585
502 63.0445
503 15.8157
504 22.9935
505 78.3967
506 45.9351
507 53.0276
508 61.6039
509 58.68
510 20.8535
511 49.0703
512 78.3982
513 71.8688
514 23.457
515 48.3121
516 7.058
517 45.8217
518 27.5799
519 41.8028
520 99.6817
521 95.727
522 58.7982
523 26.6635
524 83.9752
525 51.4488
526 57.9508
527 41.7059
528 55.6489
529 62.8606
530 92.5966
531 15.1946
532 78.8255
533 25.5829
534 38.682
535 19.733
536 27.2122
537 97.7438
538 97.673
539 94.3545
540 57.42
541 30.2149
542 74.2213
543 61.7154
544 51.2719
545 54.5239
546 63.1436
547 96.6992
548 62.6654
549 78.7264
550 43.4375
551 52.4927
552 79.338
553 27.359
554 90.8215
555 79.1265
556 36.4685
557 41.2809
558 39.5423
559 24.4573
560 30.5568
561 78.476
562 91.6162
563 70.7928
564 57.1116
565 93.8012
566 64.7357
567 26.4109
568 94.564
569 14.7256
570 16.696
571 67.4442
572 9.51333
573 29.4574
574 15.1061
575 75.5872
576 49.5314
577 6.61099
578 56.9129
579 21.6707
580 21.6091
581 76.2099
582 21.6615
583 66.0812
584 68.1728
585 77.2017
586 59.6471
587 38.9355
588 23.3644
589 75.1249
590 2.82203
591 32.9159
592 29.3238
593 47.0599
594 49.2797
595 34.0395
596 4.57617
597 12.697
598 77.2422
599 46.2249
600 73.2949
601 34.8918
602 73.6952
603 30.888
604 2.59984
605 60.5475
606 24.8496
607 89.4043
608 19.9229
609 49.4869
610 50.9467
611 34.1234
612 28.1921
613 34.8849
614 55.9662
615 48.1662
616 30.3381
617 66.9206
618 20.0825
619 60.0789
620 68.7639
621 13.4588
622 11.3446
623 18.4578
624 77.1492
625 67.205
626 47.6285
627 2.49636
628 4.33799
629 68.6406
630 19.0472
631 82.8248
632 20.7624
633 1.84677
634 75.7459
635 43.9027
636 49.8123
637 76.1038
638 20.6124
639 56.4526
640 7.2469
641 52.6753
642 80.1196
643 95.7932
644 81.6753
645 7.22556
646 90.0256
647 67.0378
648 8.59645
649 63.4974
650 4.43139
651 54.2983
652 33.2525
653 43.0289
654 16.4319
655 84.5696
656 41.8101
657 24.7169
658 37.4685
659 18.3599
660 15.6793
661 8.80428
662 91.5471
663 97.8268
664 6.44712
665 74.8023
666 25.6087
667 75.657
668 35.3298
669 10.6314
670 10.1111
671 76.9827
672 40.7706
673 76.2464
674 40.8962
675 9.05271
676 9.83465
677 83.935
678 68.4374
679 69.9669
680 35.257
681 73.5678
682 67.2264
683 10.957
684 38.0614
685 82.6507
686 64.7926
687 91.5472
688 99.5685
689 75.445
690 35.278
691 30.1128
692 42.0712
693 57.1347
694 85.5048
695 18.8116
696 82.7564
697 59.544
698 87.4007
699 6.04861
700 10.0524
701 80.927
702 2.9288
703 45.2749
704 44.6046
705 65.5038
706 65.4877
707 93.1
708 61.2956
709 24.7021
710 84.5805
711 27.2953
712 10.6811
713 53.6218
714 49.4153
715 36.2509
716 46.6017
717 69.4404
718 96.8561
719 28.2029
720 18.2502
721 53.0788
722 31.0395
723 74.5842
724 23.0272
725 50.7189
726 66.2792
727 30.7806
728 79.2729
729 22.1359
730 20.0213
731 20.3355
732 54.8619
733 1.6842
734 16.2718
735 66.9214
736 32.4439
737 15.9122
738 61.5677
739 43.5751
740 87.4267
741 45.6688
742 32.5801
743 28.3666
744 96.6195
745 11.4521
746 43.1603
747 45.7518
748 40.9392
749 39.6064
750 13.528
751 84.6983
752 27.956
753 25.7721
754 51.1283
755 16.8085
756 77.1649
757 33.8661
758 60.0496
759 70.8752
760 55.0302
761 58.3432
762 3.25417
763 68.9149
764 75.5458
765 46.7174
766 34.1909
767 74.1424
768 21.7624
769 78.9346
770 77.8407
771 8.26447
772 27.8874
773 62.086
774 42.8446
775 85.4191
776 63.0482
777 78.4792
778 47.7587
779 12.6644
780 24.954
781 61.2538
782 16.3761
783 36.9377
784 7.27482
785 26.906
786 1.44078
787 83.1567
788 54.9893
789 63.492
790 12.4051
791 22.378
792 30.8307
793 29.6839
794 59.934
795 9.01988
796 52.1455
797 85.6349
798 27.5338
799 58.8706
800 56.1637
801 1.45618
802 44.9387
803 38.3586
804 28.2461
805 51.2291
806 28.3866
807 36.2241
808 91.0191
809 34.4163
810 1.47321
811 34.2351
812 25.5289
813 22.7593
814 3.41174
815 44.0345
816 87.1243
817 13.8896
818 25.2297
819 42.8986
820 4.38806
821 19.1081
822 17.4688
823 87.583
824 1.23686
825 21.9286
826 1.01354
827 30.4929
828 94.2099
829 4.39125
830 72.6645
831 32.813
832 82.74
833 81.8643
834 15.6901
835 89.8044
836 12.4711
837 43.4189
838 36.6815
839 57.0575
840 75.4425
841 92.4886
842 80.5431
843 84.339
844 27.943
845 6.21075
846 62.0038
847 47.9702
848 3.26204
849 3.0875
850 39.5757
851 90.782
852 9.44627
853 90.4505
854 80.2435
855 98.7293
856 27.8909
857 21.7267
858 73.1344
859 9.50635
860 11.2301
861 74.0833
862 18.7575
863 64.613
864 44.4799
865 48.3026
866 45.7926
867 34.0898
868 57.6365
869 5.25028
870 56.4465
871 3.00494
872 38.1031
873 90.2204
874 74.7281
875 64.9591
876 19.7332
877 30.5245
878 30.8242
879 19.7354
880 67.5565
881 15.8341
882 35.2165
883 85.679
884 76.2352
885 50.4932
886 35.9248
887 10.8103
888 47.6932
889 99.974
890 58.5079
891 97.738
892 98.857
893 95.5361
894 18.4239
895 1.9103
896 54.4325
897 11.9701
898 36.6621
899 27.182
900 85.4428
901 66.539
902 40.9079
903 7.45711
904 21.6456
905 96.4394
906 53.1905
907 27.2692
908 65.6762
909 93.2322
910 5.89439
911 90.9516
912 87.3746
913 61.9712
914 94.2853
915 82.9036
916 58.0461
917 58.5637
918 46.4559
919 93.8611
920 80.6939
921 45.5579
922 49.6927
923 45.2651
924 78.2557
925 51.8485
926 43.4189
927 36.3995
928 68.9618
929 71.4491
930 97.5724
931 87.7429
932 14.9258
933 15.6432
934 94.6418
935 35.8785
936 25.377
937 43.3812
938 95.3991
939 91.9085
940 32.9414
941 62.9028
942 10.1743
943 50.7043
944 19.3174
945 71.1245
946 87.9999
947 76.6098
948 10.9649
949 71.8678
950 6.87376
951 18.2874
952 84.2076
953 96.4331
954 45.6789
955 3.83977
956 10.9855
957 22.315
958 60.6817
959 3.6904
960 74.5737
961 44.6563
962 42.9719
963 46.9647
964 31.9508
965 45.71
966 32.1801
967 38.5309
968 54.5533
969 62.7663
970 92.9032
971 20.0931
972 40.3705
973 84.6465
974 47.1872
975 9.54842
976 25.2889
977 47.2874
978 11.4321
979 4.06838
980 91.1951
981 22.3842
982 35.2826
983 9.28345
984 26.9684
985 59.2093
986 7.47394
987 7.58322
988 62.1949
989 92.3456
990 53.8679
991 27.2727
992 26.5133
993 33.8622
994 93.7888
995 54.558
996 42.6475
997 40.1954
998 11.2858
999 19.9746
1000 28.6262
1001 5.39752
1002 56.2015
1003 43.1317
1004 60.0771
1005 39.1181
1006 23.4727
1007 14.2316
1008 31.1944
1009 3.88543
1010 85.3827
1011 45.5391
1012 30.0385
1013 79.6691
1014 46.9017
1015 62.9548
1016 91.8112
1017 80.5511
1018 21.8356
1019 21.3869
1020 5.41177
1021 97.5567
1022 21.8517
1023 94.8992
1024 5.20112
1025 22.2598
1026 23.2208
1027 38.1131
1028 60.0382
1029 77.9564
1030 71.6857
1031 14.7212
1032 42.5515
1033 11.8247
1034 67.9994
1035 34.5654
1036 32.3802
1037 35.5845
1038 34.3938
1039 19.8902
1040 94.6715
1041 40.1386
1042 46.6936
1043 30.2964
1044 59.1262
1045 94.6971
1046 74.2382
1047 48.754
1048 8.63191
1049 65.4801
1050 64.1842
1051 64.4578
1052 9.90581
1053 91.8838
1054 13.2843
1055 47.4152
1056 79.6762
1057 67.9578
1058 28.1795
1059 21.429
1060 19.101
1061 96.1519
1062 71.5762
1063 56.5193
1064 39.0491
1065 51.4317
1066 68.1229
1067 31.2782
1068 26.9559
1069 47.9129
1070 29.5945
1071 42.9002
1072 29.9669
1073 64.3511
1074 96.5205
1075 29.8468
1076 25.4729
1077 71.3908
1078 9.32113
1079 66.2218
1080 55.8223
1081 6.03204
1082 28.5189
1083 81.5895
1084 48.9782
1085 15.4437
1086 8.65687
1087 89.0602
1088 77.2782
1089 57.3008
1090 7.06846
1091 23.6734
1092 22.4255
1093 35.8163
1094 69.2482
1095 34.8391
1096 78.1911
1097 55.6845
1098 65.6607
1099 30.8137
1100 41.552
1101 43.1918
1102 81.3118
1103 35.7266
1104 45.1536
1105 85.1036
1106 8.09784
1107 98.3835
1108 57.298
1109 59.2846
1110 84.738
1111 2.13448
1112 60.2084
1113 67.4106
1114 37.3507
1115 18.6949
1116 3.168
1117 6.62892
1118 61.3305
1119 17.8969
1120 55.0756
1121 29.974
1122 85.3646
1123 38.522
1124 3.19359
1125 40.6728
1126 16.7895
1127 55.2776
1128 59.1714
1129 62.8963
1130 98.8431
1131 60.3398
1132 98.4977
1133 96.4522
1134 69.5295
1135 9.89319
1136 77.8235
1137 16.0711
1138 58.5579
1139 46.9511
1140 2.27043
1141 68.1178
1142 42.9966
1143 66.5266
1144 29.7028
1145 81.2021
1146 72.944
1147 76.1622
1148 11.9829
1149 53.8029
1150 23.8255
1151 3.68947
1152 58.9636
1153 35.5663
1154 25.1097
1155 4.96808
1156 65.4592
1157 9.00804
1158 51.1997
1159 29.8733
1160 75.8692
1161 37.2467
1162 51.684
1163 51.61
1164 93.9466
1165 32.7397
1166 38.1226
1167 22.4387
1168 60.2714
1169 37.847
1170 43.5956
1171 36.683
1172 82.2923
1173 80.8104
1174 24.1527
1175 58.3816
1176 54.2584
1177 55.8352
1178 25.6252
1179 56.5552
1180 48.4297
1181 4.5419
1182 30.7245
1183 26.8861
1184 62.1074
1185 7.37398
1186 10.4577
1187 60.9976
1188 65.494
1189 99.3914
1190 67.6953
1191 71.6329
1192 19.4759
1193 60.7765
1194 12.7311
1195 56.9909
1196 45.7493
1197 98.2722
1198 68.5508
1199 93.9742
1200 2.71204
1201 65.207
1202 28.924
1203 59.214
1204 85.3285
1205 25.406
1206 35.8594
1207 1.51866
1208 6.10534
1209 72.5118
1210 40.0888
1211 2.62574
1212 99.8725
1213 35.9034
1214 48.1668
1215 39.7893
1216 17.2167
1217 7.58082
1218 21.8955
1219 38.5454
1220 99.0101
1221 95.5172
1222 96.8476
1223 82.8475
1224 6.21554
1225 43.5043
1226 85.7461
1227 15.7519
1228 39.9904
1229 31.4246
1230 11.8376
1231 88.1009
1232 91.1918
1233 66.2526
1234 77.7224
1235 98.7101
1236 2.20479
1237 53.9843
1238 3.42453
1239 61.0762
1240 99.921
1241 59.1056
1242 46.6399
1243 18.3307
1244 19.3898
1245 99.2811
1246 95.9149
1247 48.3565
1248 60.7391
1249 76.3874
1250 34.6062
1251 25.8523
1252 12.8446
1253 83.1608
1254 25.279
1255 79.4625
1256 39.4077
1257 38.6138
1258 61.3729
1259 37.8133
1260 70.4219
1261 59.896
1262 63.9246
1263 57.5484
1264 10.0886
1265 95.2354
1266 13.4919
1267 72.2115
1268 41.6815
1269 41.2186
1270 82.4109
1271 94.1353
1272 37.7733
1273 92.4181
1274 84.6558
1275 5.71826
1276 1.79173
1277 41.6453
1278 26.7847
1279 41.2448
1280 26.8006
1281 10.8656
1282 86.1823
1283 21.0652
1284 42.1814
1285 27.6816
1286 68.3735
1287 84.1047
1288 50.2155
1289 21.2901
1290 60.8199
1291 49.3454
1292 49.6536
1293 80.6508
1294 14.3626
1295 54.5838
1296 80.0223
1297 43.2685
1298 83.0472
1299 97.0252
1300 97.8175
1301 49.1247
1302 3.25501
1303 82.9382
1304 46.0861
1305 17.0893
1306 44.9559
1307 30.0111
1308 16.0514
1309 25.525
1310 55.3193
1311 66.2437
1312 28.5531
1313 62.4919
1314 34.6194
1315 49.9572
1316 35.3904
1317 39.0904
1318 52.0948
1319 25.802
1320 57.5717
1321 5.80028
1322 93.3641
1323 44.7242
1324 96.3076
1325 15.8437
1326 97.4825
1327 60.8372
1328 43.4999
1329 11.2752
1330 40.0557
1331 39.4417
1332 15.839
1333 19.4583
1334 62.1437
1335 22.5564
1336 58.1086
1337 20.8918
1338 97.9484
1339 71.2892
1340 83.2288
1341 79.2346
1342 71.1343
1343 53.8808
1344 45.8315
1345 93.8579
1346 27.1251
1347 19.8578
1348 45.6569
1349 30.1358
1350 32.5909
1351 12.2263
1352 85.922
1353 1.86878
1354 49.666
1355 91.5026
1356 41.4757
1357 47.2388
1358 85.9979
1359 90.232
1360 71.82
1361 94.0938
1362 32.6915
1363 19.8985
1364 36.8642
1365 58.3853
1366 18.5565
1367 53.8159
1368 43.1281
1369 98.3854
1370 89.9563
1371 90.7439
1372 61.4068
1373 12.3375
1374 73.975
1375 80.2512
1376 30.4775
1377 33.3287
1378 37.1751
1379 36.8797
1380 22.9746
1381 57.5051
1382 73.8201
1383 51.2054
1384 26.7484
1385 24.9738
1386 96.9009
1387 88.0491
1388 13.7878
1389 94.9085
1390 62.5199
1391 10.4091
1392 36.0273
1393 50.2669
1394 92.0068
1395 2.20171
1396 2.22387
1397 77.635
1398 15.7398
1399 34.2431
1400 60.8354
1401 12.041
1402 41.245
1403 31.4138
1404 28.2887
1405 73.7171
1406 1.55082
1407 51.6984
1408 95.2982
1409 78.6343
1410 80.1966
1411 3.76476
1412 37.2788
1413 97.5855
1414 10.2483
1415 6.85298
1416 65.0431
1417 45.1096
1418 38.244
1419 82.3421
1420 26.9336
1421 68.8689
1422 94.9147
1423 69.2552
1424 53.5529
1425 79.1812
1426 65.0083
1427 53.775
1428 50.1495
1429 1.29291
1430 72.9278
1431 2.20834
1432 14.5161
1433 60.2915
1434 78.8294
1435 92.4204
1436 23.2597
1437 97.142
1438 80.3088
1439 8.66372
1440 6.22569
1441 16.1176
1442 48.2201
1443 44.6547
1444 16.1363
1445 65.6467
1446 92.3077
1447 11.3254
1448 92.2466
1449 73.0405
1450 15.9154
1451 15.2989
1452 50.2326
1453 11.3365
1454 80.5196
1455 86.0279
1456 98.1957
1457 68.4487
1458 60.5596
1459 30.834
1460 84.7992
1461 41.0271
1462 31.6898
1463 14.3755
1464 72.2368
1465 71.3671
1466 6.57185
1467 92.0779
1468 8.43892
1469 88.9403
1470 41.9998
1471 44.503
1472 40.2332
1473 53.3851
1474 30.2789
1475 60.6808
1476 87.9047
1477 61.1482
1478 23.2363
1479 1.34557
1480 67.0427
1481 91.5337
1482 70.2213
1483 54.4163
1484 37.213
1485 79.8445
1486 26.122
1487 90.663
1488 88.2349
1489 66.1516
1490 64.0167
1491 20.577
1492 54.7225
1493 34.7446
1494 74.9219
1495 55.9406
1496 15.4682
1497 23.5118
1498 77.6979
1499 82.8394
1500 68.4091
1501 88.164
1502 62.5743
1503 33.6537
1504 55.5263
1505 80.0037
1506 27.7572
1507 51.374
1508 87.6154
1509 49.7471
1510 68.4524
1511 25.1088
1512 90.0207
1513 84.0984
1514 43.519
1515 35.2583
1516 94.9123
1517 27.9222
1518 52.0832
1519 27.551
1520 50.1644
1521 53.6714
1522 90.0709
1523 36.7253
1524 1.92636
1525 27.3478
1526 1.92065
1527 30.4108
1528 1.03679
1529 25.3624
1530 94.1627
1531 1.66806
1532 42.044
1533 94.2945
1534 39.149
1535 46.6784
1536 71.3858
1537 24.1821
1538 58.002
1539 11.3957
1540 85.8482
1541 49.0503
1542 38.5323
1543 77.0933
1544 19.78
1545 25.0316
1546 78.6009
1547 13.8092
1548 59.0737
1549 5.10526
1550 94.0428
1551 66.0514
1552 62.2399
1553 56.8668
1554 37.8947
1555 52.8706
1556 95.3737
1557 60.2727
1558 59.6076
1559 67.2348
1560 54.0549
1561 1.99886
1562 57.8289
1563 70.5588
1564 82.9382
1565 45.9001
1566 59.7515
1567 10.7735
1568 22.484
1569 29.5019
1570 70.0547
1571 26.5392
1572 73.4181
1573 25.4705
1574 30.1887
1575 30.6101
1576 83.6242
1577 91.6538
1578 9.65704
1579 68.8464
1580 13.1254
1581 50.0623
1582 20.8914
1583 91.4083
1584 40.5527
1585 76.8409
1586 33.124
1587 62.3974
1588 30.6661
1589 35.5745
1590 64.4474
1591 32.9699
1592 45.3271
1593 31.6943
1594 90.1697
1595 14.9207
1596 29.731
1597 59.2255
1598 81.1349
1599 32.6429
1600 93.444
1601 99.7364
1602 25.9215
1603 86.086
1604 85.434
1605 17.1876
1606 13.4631
1607 82.7139
1608 39.1232
1609 9.57554
1610 85.1192
1611 72.95
1612 78.5849
1613 41.3332
1614 27.7338
1615 53.7501
1616 26.5958
1617 34.9552
1618 49.4523
1619 63.862
1620 94.021
1621 95.1669
1622 50.7804
1623 11.907
1624 65.8901
1625 25.3067
1626 49.9214
1627 27.4595
1628 96.5932
1629 63.5115
1630 43.4994
1631 3.36282
1632 13.9303
1633 15.5282
1634 42.0594
1635 57.1744
1636 61.0338
1637 80.0139
1638 2.02626
1639 23.377
1640 89.6469
1641 39.2909
1642 55.5096
1643 97.2413
1644 66.1454
1645 58.8093
1646 16.2924
1647 16.8844
1648 65.3512
1649 75.2359
1650 85.9568
1651 92.8255
1652 99.62
1653 48.9081
1654 24.7911
1655 95.2965
1656 49.995
1657 77.1016
1658 59.2519
1659 28.881
1660 30.7212
1661 70.7963
1662 15.7482
1663 77.2667
1664 61.6377
1665 32.9462
1666 44.0004
1667 8.38488
1668 71.6322
1669 6.91153
1670 59.116
1671 23.0366
1672 10.4076
1673 10.7506
1674 34.6979
1675 80.8766
1676 47.4196
1677 55.1308
1678 67.187
1679 41.8248
1680 73.4809
1681 91.8573
1682 62.8929
1683 42.4059
1684 39.3035
1685 69.6225
1686 88.9668
1687 92.7377
1688 11.1671
1689 5.56887
1690 64.9794
1691 63.4879
1692 43.9276
1693 72.4293
1694 39.5521
1695 90.9313
1696 43.506
1697 15.2986
1698 45.3559
1699 21.3515
1700 3.30972
1701 12.3788
1702 74.7334
1703 55.6659
1704 50.777
1705 53.1557
1706 36.133
1707 45.2755
1708 55.2443
1709 92.9175
1710 62.7439
1711 12.2776
1712 57.3063
1713 98.7092
1714 86.2308
1715 44.1542
1716 20.4073
1717 73.7037
1718 74.2176
1719 98.1874
1720 28.3988
1721 44.1184
1722 11.2382
1723 12.6653
1724 40.3611
1725 24.5167
1726 37.3474
1727 62.4672
1728 14.8499
1729 27.2446
1730 49.1779
1731 6.42126
1732 36.0832
1733 99.9473
1734 6.34737
1735 81.2393
1736 5.67554
1737 75.8592
1738 68.3106
1739 17.766
1740 32.8902
1741 93.3997
1742 49.3351
1743 74.502
1744 27.3153
1745 48.5193
1746 25.1925
1747 11.5986
1748 31.0793
1749 49.1246
1750 99.85
1751 53.902
1752 6.59301
1753 51.7384
1754 73.7149
1755 64.729
1756 13.4291
1757 6.11294
1758 2.25096
1759 37.8556
1760 88.8987
1761 35.9184
1762 3.29244
1763 19.0859
1764 40.8438
1765 20.3398
1766 27.5737
1767 36.1801
1768 45.4759
1769 57.4481
1770 6.59411
1771 70.2168
1772 78.1412
1773 8.43058
1774 47.7817
1775 2.7316
1776 97.0568
1777 34.5938
1778 14.1173
1779 89.3767
1780 51.8891
1781 33.0495
1782 96.3885
1783 88.9012
1784 78.0898
1785 36.827
1786 27.6471
1787 81.3725
1788 65.4044
1789 78.1225
1790 90.0729
1791 70.1081
1792 32.181
1793 52.6232
1794 95.0731
1795 57.7768
1796 85.8345
1797 17.174
1798 82.909
1799 49.747
1800 66.1427
1801 13.8083
1802 44.5336
1803 60.7302
1804 25.7846
1805 63.2422
1806 71.1522
1807 58.0458
1808 53.8072
1809 94.9182
1810 28.4148
1811 16.0311
1812 79.4089
1813 30.8387
1814 64.3821
1815 23.7565
1816 31.9856
1817 35.5298
1818 4.79336
1819 98.9481
1820 42.1194
1821 73.992
1822 67.8461
1823 31.8066
1824 96.2224
1825 68.9845
1826 56.7992
1827 90.2719
1828 48.6879
1829 85.7287
1830 19.875
1831 37.927
1832 1.66725
1833 28.4135
1834 93.0303
1835 77.875
1836 88.9394
1837 27.703
1838 31.1115
1839 96.7221
1840 52.1739
1841 67.7934
1842 37.4251
1843 81.2461
1844 20.3844
1845 84.8855
1846 5.9673
1847 29.3896
1848 64.7149
1849 72.9372
1850 61.8826
1851 89.2781
1852 77.0758
1853 21.3269
1854 86.0167
1855 10.4617
1856 29.2279
1857 19.3478
1858 86.8982
1859 74.8181
1860 92.7388
1861 28.247
1862 66.8501
1863 21.7879
1864 12.3553
1865 75.7048
1866 46.3234
1867 44.6526
1868 80.4194
1869 84.0931
1870 51.9483
1871 37.4158
1872 22.7876
1873 82.5186
1874 23.0316
1875 26.0534
1876 27.061
1877 32.6622
1878 23.3386
1879 37.5789
1880 91.8336
1881 61.2656
1882 15.467
1883 3.45427
1884 65.9445
1885 47.6968
1886 60.8885
1887 14.3619
1888 43.1251
1889 49.0997
1890 78.2046
1891 85.3439
1892 87.6525
1893 79.2643
1894 74.5846
1895 29.9555
1896 71.5981
1897 28.9355
1898 55.4791
1899 79.732
1900 15.5073
1901 86.6441
1902 60.757
1903 81.4395
1904 4.04787
1905 43.554
1906 29.4201
1907 81.1642
1908 30.1496
1909 66.9078
1910 1.90883
1911 29.7881
1912 29.5497
1913 82.3522
1914 97.9921
1915 13.4183
1916 23.4899
1917 6.44518
1918 42.1022
1919 82.9484
1920 19.5222
1921 48.1832
1922 19.6911
1923 14.7146
1924 30.3554
1925 59.926
1926 73.7207
1927 62.7771
1928 76.2066
1929 64.4265
1930 77.8497
1931 60.3835
1932 40.7772
1933 88.028
1934 54.8959
1935 77.6956
1936 43.2187
1937 37.0919
1938 25.4221
1939 9.79287
1940 74.694
1941 85.528
1942 13.3277
1943 84.5672
1944 1.77411
1945 42.4786
1946 73.2859
1947 80.7678
1948 99.9589
1949 2.95576
1950 3.49565
1951 68.3594
1952 45.6628
1953 30.1217
1954 92.9932
1955 47.662
1956 70.8348
1957 69.0319
1958 62.6201
1959 10.8121
1960 77.3042
1961 97.9593
1962 55.3991
1963 21.7151
1964 75.6427
1965 91.8953
1966 8.92955
1967 19.0259
1968 21.8359
1969 27.6521
1970 66.2527
1971 80.1956
1972 85.7034
1973 90.5314
1974 55.0952
1975 62.1337
1976 52.9308
1977 17.3961
1978 52.7871
1979 77.7385
1980 71.7633
1981 33.1143
1982 97.01
1983 40.612
1984 83.42
1985 26.0434
1986 56.8861
1987 65.1808
1988 82.5407
1989 98.2576
1990 19.8426
1991 86.1868
1992 97.1337
1993 40.7386
1994 33.9896
1995 57.8797
1996 33.5224
1997 26.0631
1998 90.5194
1999 51.0494
2000 77.3858
2001 83.7536
2002 88.9135
2003 87.7375
2004 23.3775
2005 98.4457
2006 13.86
2007 21.2595
2008 40.9002
2009 76.5155
2010 9.3608
2011 39.9199
2012 35.4691
2013 74.2597
2014 13.116
2015 90.8665
2016 42.5653
2017 44.4245
2018 9.39589
2019 35.7135
2020 23.5606
2021 7.66316
2022 19.7412
2023 65.9967
2024 34.8655
2025 27.8231
2026 69.8975
2027 57.2051
2028 80.9132
2029 68.6874
2030 13.4628
2031 78.977
2032 97.8547
2033 80.4131
2034 78.2302
2035 19.8478
2036 74.6095
2037 51.611
2038 11.4454
2039 29.3401
2040 24.2359
2041 71.5337
2042 35.0812
2043 89.0215
2044 20.6333
2045 11.4658
2046 76.1212
2047 16.5125
2048 53.1833
2049 4.15204
2050 12.2903
2051 73.5089
2052 66.4188
2053 99.711
2054 93.4732
2055 96.1344
2056 75.5584
2057 60.408
2058 56.7951
2059 21.0495
2060 76.6523
2061 32.7547
2062 92.9929
2063 42.109
2064 97.4333
2065 27.1209
2066 48.216
2067 75.8758
2068 49.5358
2069 81.2516
2070 13.4799
2071 69.4984
2072 81.1882
2073 36.5157
2074 42.8728
2075 65.6909
2076 43.7826
2077 11.8578
2078 30.4854
2079 67.5597
2080 68.5863
2081 96.4745
2082 49.3219
2083 50.0578
2084 43.0278
2085 97.0317
2086 9.38968
2087 30.4062
2088 22.407
2089 21.9895
2090 33.927
2091 93.3403
2092 40.554
2093 98.3736
2094 89.2244
2095 65.1208
2096 64.9019
2097 48.8697
2098 73.8274
2099 74.2458
2100 77.9324
2101 64.0094
2102 95.1466
2103 5.63805
2104 39.6702
2105 94.661
2106 60.6938
2107 8.12051
2108 83.3532
2109 91.0772
2110 20.0105
2111 37.0167
2112 47.0837
2113 52.1065
2114 23.4075
2115 8.45222
2116 15.4251
2117 91.1569
2118 73.0074
2119 52.7816
2120 84.7111
2121 45.1077
2122 6.727
2123 26.6439
2124 50.9222
2125 18.2387
2126 57.996
2127 9.57582
2128 89.8014
2129 61.3525
2130 90.7581
2131 3.98515
2132 78.4629
2133 70.616
2134 55.3668
2135 72.5241
2136 48.2822
2137 98.4299
2138 44.8233
2139 78.6474
2140 3.61551
2141 3.91412
2142 72.6875
2143 23.1553
2144 25.7384
2145 78.9533
2146 94.6902
2147 56.348
2148 30.406
2149 19.9454
2150 32.3297
2151 77.6742
2152 80.3249
2153 80.0041
2154 35.6734
2155 43.6105
2156 89.5535
2157 52.5585
2158 96.456
2159 35.6035
2160 55.8503
2161 80.2189
2162 80.2854
2163 11.2327
2164 19.7441
2165 15.7524
2166 49.4043
2167 49.653
2168 71.6994
2169 48.412
2170 4.26336
2171 2.30983
2172 37.339
2173 20.1348
2174 46.8866
2175 6.3342
2176 57.8984
2177 52.0594
2178 23.5876
2179 64.1688
2180 2.96759
2181 4.20821
2182 65.4264
2183 53.0444
2184 46.4304
2185 61.5419
2186 6.74344
2187 5.94444
2188 41.1611
2189 6.39
2190 5.68885
2191 2.4409
2192 62.2479
2193 90.8863
2194 78.2341
2195 84.7203
2196 1.78388
2197 8.72529
2198 51.0053
2199 29.5863
2200 4.01952
2201 62.0873
2202 65.39
2203 34.5884
2204 23.8111
2205 58.8316
2206 93.4051
2207 39.8304
2208 15.474
2209 22.2015
2210 32.891
2211 6.63244
2212 21.4764
2213 24.6879
2214 43.9753
2215 81.1046
2216 18.0283
2217 84.8983
2218 22.7781
2219 22.5585
2220 93.0627
2221 27.2512
2222 60.6155
2223 79.5459
2224 56.3385
2225 69.9061
2226 4.18764
2227 16.654
2228 55.6084
2229 74.1187
2230 20.118
2231 62.5064
2232 79.2831
2233 94.6464
2234 14.2503
2235 48.3436
2236 42.5762
2237 30.408
2238 52.661
2239 37.4348
2240 45.9075
2241 84.5987
2242 36.8236
2243 68.6091
2244 84.3862
2245 28.5502
2246 14.091
2247 44.267
2248 34.7838
2249 39.7028
2250 48.6155
2251 57.7921
2252 47.2765
2253 25.7795
2254 76.3002
2255 54.1776
2256 83.5544
2257 7.0165
2258 41.2628
2259 33.073
2260 96.3369
2261 12.6438
2262 74.6625
2263 50.9163
2264 18.7634
2265 65.2506
2266 67.5869
2267 30.6819
2268 3.45671
2269 7.92033
2270 84.9135
2271 79.4475
2272 84.8724
2273 82.2648
2274 15.1001
2275 73.703
2276 61.6385
2277 47.1043
2278 3.41065
2279 25.8141
2280 63.1044
2281 32.2287
2282 63.196
2283 87.0175
2284 99.0097
2285 88.2898
2286 98.3833
2287 54.4894
2288 76.6609
2289 77.878
2290 41.0684
2291 32.3661
2292 94.4326
2293 83.2141
2294 30.1196
2295 57.6704
2296 79.7159
2297 42.0225
2298 29.3464
2299 30.387
2300 96.9079
2301 6.3203
2302 22.3651
2303 11.4584
2304 49.9862
2305 28.4978
2306 25.2696
2307 20.8923
2308 8.33914
2309 94.8504
2310 76.9428
2311 63.3549
2312 84.8871
2313 32.6293
2314 63.7256
2315 78.0543
2316 34.2965
2317 67.1698
2318 50.1296
2319 62.4523
2320 62.2904
2321 13.6102
2322 81.4686
2323 97.5368
2324 82.389
2325 22.4022
2326 41.2467
2327 59.9028
2328 79.069
2329 59.0741
2330 12.1142
2331 83.2351
2332 86.4201
2333 57.2002
2334 97.6973
2335 8.66983
2336 9.86484
2337 96.3863
2338 51.8862
2339 82.5693
2340 83.0543
2341 18.4646
2342 92.3384
2343 32.0207
2344 32.3399
2345 50.0651
2346 67.4156
2347 23.8929
2348 48.1932
2349 87.3172
2350 86.7362
2351 25.1044
2352 14.9276
2353 46.5427
2354 67.6139
2355 89.3632
2356 22.1359
2357 19.3665
2358 5.54184
2359 6.69866
2360 45.3074
2361 96.6286
2362 64.8906
2363 56.9265
2364 51.4843
2365 61.0268
2366 61.8409
2367 81.5604
2368 54.8922
2369 16.174
2370 7.2367
2371 79.2865
2372 51.3824
2373 31.1586
2374 94.76
2375 42.303
2376 90.9191
2377 35.7388
2378 52.7271
2379 59.1149
2380 4.10716
2381 50.037
2382 90.5816
2383 6.84193
2384 77.2753
2385 8.62336
2386 20.776
2387 33.1411
2388 52.6662
2389 25.749
2390 58.271
2391 76.6157
2392 11.2832
2393 75.8115
2394 57.6232
2395 78.5299
2396 8.5281
2397 3.80276
2398 82.0203
2399 62.7316
2400 4.10359
2401 89.0582
2402 43.8815
2403 89.6459
2404 21.3044
2405 4.20644
2406 35.6683
2407 55.8333
2408 92.603
2409 24.3558
2410 7.606
2411 48.963
2412 56.7462
2413 89.8291
2414 31.72
2415 27.1855
2416 45.9831
2417 68.6507
2418 89.5153
2419 4.42649
2420 70.9832
2421 88.3881
2422 67.4003
2423 62.8268
2424 19.3746
2425 41.3155
2426 27.3917
2427 46.5116
2428 41.0448
2429 31.6607
2430 20.9604
2431 64.2279
2432 6.01361
2433 15.7085
2434 4.44842
2435 43.5435
2436 51.9549
2437 50.417
2438 40.7946
2439 84.1164
2440 48.0311
2441 36.1979
2442 47.5799
2443 76.2626
2444 16.5489
2445 70.5808
2446 58.3901
2447 98.4705
2448 34.7553
2449 56.2883
2450 16.6715
2451 51.6301
2452 36.3412
2453 79.3967
2454 22.9204
2455 37.4735
2456 3.55468
2457 70.5005
2458 93.1856
2459 13.9891
2460 13.8603
2461 26.2454
2462 85.0212
2463 9.22005
2464 50.3071
2465 75.28
2466 35.7031
2467 47.7381
2468 62.0669
2469 18.8312
2470 17.695
2471 28.1755
2472 53.387
2473 61.6517
2474 70.2422
2475 10.1997
2476 81.1949
2477 50.7791
2478 88.1105
2479 55.5147
2480 82.7475
2481 9.90741
2482 19.7712
2483 75.0923
2484 48.9884
2485 87.2871
2486 76.7364
2487 60.0262
2488 75.1139
2489 15.4781
2490 90.5955
2491 43.1508
2492 85.1395
2493 17.9565
2494 67.2164
2495 40.5395
2496 53.6185
2497 91.9107
2498 70.2796
2499 43.6978
2500 71.6015
2501 85.3402
2502 24.5814
2503 35.8003
2504 95.9253
2505 26.1897
2506 40.0508
2507 57.0827
2508 3.42007
2509 85.1094
2510 6.9905
2511 99.4037
2512 76.982
2513 28.8191
2514 79.1786
2515 19.8988
2516 40.9025
2517 16.3056
2518 39.8355
2519 2.78013
2520 21.6294
2521 20.6981
2522 10.4137
2523 15.7914
2524 11.2006
2525 73.6555
2526 55.445
2527 99.8662
2528 29.6245
2529 52.1228
2530 1.73724
2531 16.8231
2532 26.003
2533 69.6768
2534 10.6949
2535 88.9979
2536 20.5014
2537 70.4521
2538 71.7809
2539 32.1152
2540 35.7493
2541 30.8345
2542 94.3
2543 32.7466
2544 54.7034
2545 11.1993
2546 51.6315
2547 59.2438
2548 91.8192
2549 16.7545
2550 61.1592
2551 10.165
2552 91.7447
2553 52.7748
2554 69.6435
2555 45.7838
2556 84.3892
2557 78.8741
2558 51.6457
2559 1.269
2560 67.0645
2561 62.6777
2562 88.1316
2563 13.0266
2564 73.3492
2565 55.6339
2566 7.35573
2567 99.7109
2568 92.7976
2569 26.7403
2570 86.6621
2571 66.0594
2572 99.065
2573 27.7409
2574 74.3847
2575 35.7215
2576 58.6927
2577 36.9406
2578 56.466
2579 33.9443
2580 87.6396
2581 61.3346
2582 87.2998
2583 91.2933
2584 88.4959
2585 97.9294
2586 47.6819
2587 8.15905
2588 38.1436
2589 78.9762
2590 84.607
2591 77.136
2592 44.5901
2593 19.8522
2594 49.4412
2595 74.9583
2596 73.9294
2597 6.67614
2598 62.8512
2599 33.9994
2600 23.3476
2601 90.8896
2602 35.93
2603 99.1852
2604 67.5047
2605 34.9359
2606 22.2785
2607 41.4168
2608 47.8515
2609 86.5197
2610 49.0749
2611 56.1672
2612 61.5319
2613 36.4189
2614 99.1705
2615 18.0124
2616 15.6406
2617 50.1142
2618 1.70899
2619 37.0331
2620 27.1025
2621 35.9628
2622 55.7261
2623 71.8436
2624 94.9378
2625 61.1448
2626 63.9667
2627 70.7092
2628 37.5154
2629 13.9998
2630 93.9724
2631 71.6812
2632 38.1671
2633 77.7624
2634 76.9881
2635 33.3183
2636 61.1348
2637 95.0337
2638 88.8801
2639 21.0154
2640 96.0784
2641 24.5437
2642 95.7684
2643 61.6733
2644 37.8407
2645 36.335
2646 74.4597
2647 9.3979
2648 69.5549
2649 40.9819
2650 64.4553
2651 65.4606
2652 33.7849
2653 82.4233
2654 4.82564
2655 47.5471
2656 20.4877
2657 39.4932
2658 90.491
2659 67.8022
2660 86.2458
2661 98.4558
2662 84.7527
2663 50.0493
2664 98.221
2665 97.7437
2666 95.7034
2667 57.8178
2668 82.2958
2669 41.24
2670 45.0839
2671 2.88446
2672 92.1179
2673 86.787
2674 85.7687
2675 97.7543
2676 76.2995
2677 43.441
2678 12.3605
2679 64.1445
2680 89.2899
2681 77.0678
2682 84.7098
2683 22.8164
2684 71.8527
2685 49.8971
2686 14.8569
2687 46.6101
2688 12.8728
2689 61.6886
2690 95.9489
2691 25.9505
2692 79.4111
2693 67.863
2694 18.1695
2695 83.1883
2696 91.0444
2697 63.4913
2698 1.30051
2699 2.61966
2700 96.6184
2701 91.6885
2702 97.5493
2703 95.8371
2704 28.045
2705 37.2118
2706 59.6011
2707 57.0307
2708 21.338
2709 73.1872
2710 5.80003
2711 89.0972
2712 7.24291
2713 84.5752
2714 37.0023
2715 3.514
2716 79.8216
2717 36.1044
2718 59.9836
2719 51.4103
2720 4.41763
2721 21.1909
2722 76.2881
2723 49.6537
2724 83.0837
2725 17.1994
2726 15.0543
2727 96.0023
2728 32.2919
2729 36.6999
2730 69.3146
2731 61.7034
2732 48.2054
2733 95.8886
2734 3.39399
2735 42.8595
2736 39.9768
2737 1.04219
2738 17.095
2739 41.6535
2740 66.0225
2741 72.3774
2742 58.8329
2743 17.131
2744 53.1819
2745 80.7848
2746 88.2364
2747 91.8792
2748 35.53
2749 8.17463
2750 3.0079
2751 87.8203
2752 29.3604
2753 67.4723
2754 85.0576
2755 27.1902
2756 25.9813
2757 2.3012
2758 90.2519
2759 9.3914
2760 59.3004
2761 52.8193
2762 25.3233
2763 32.0182
2764 88.9662
2765 82.7256
2766 37.7686
2767 12.3035
2768 96.9559
2769 22.082
2770 5.25765
2771 81.2868
2772 10.8549
2773 4.98384
2774 33.4475
2775 53.528
2776 55.4183
2777 47.6654
2778 28.9693
2779 29.0852
2780 95.9295
2781 96.0241
2782 3.65675
2783 3.94885
2784 62.3291
2785 69.6531
2786 8.02238
2787 18.0558
2788 52.8058
2789 94.5902
2790 59.9136
2791 62.0477
2792 92.0886
2793 89.329
2794 41.706
2795 57.2923
2796 62.0338
2797 56.8466
2798 94.0907
2799 78.7572
2800 66.4139
2801 17.0635
2802 7.06742
2803 6.19216
2804 46.6234
2805 39.0557
2806 62.8848
2807 5.69243
2808 62.6321
2809 14.042
2810 11.6323
2811 2.5484
2812 86.9813
2813 85.3785
2814 74.1653
2815 11.9528
2816 43.5738
2817 65.164
2818 97.6174
2819 51.6155
2820 88.3368
2821 96.5173
2822 75.3763
2823 69.5975
2824 63.5807
2825 18.8
2826 86.0395
2827 96.1739
2828 46.0271
2829 15.3543
2830 89.0874
2831 39.9255
2832 29.1186
2833 63.7748
2834 14.8596
2835 91.5421
2836 13.6521
2837 92.2043
2838 54.3491
2839 95.7321
2840 45.9664
2841 84.1325
2842 22.5053
2843 90.8975
2844 68.8415
2845 30.7199
2846 48.3089
2847 53.2469
2848 83.8733
2849 21.7626
2850 82.0966
2851 58.6064
2852 70.1711
2853 3.25508
2854 84.1725
2855 99.5161
2856 84.3379
2857 8.29227
2858 99.1338
2859 95.4478
2860 19.7903
2861 98.0372
2862 78.042
2863 25.1656
2864 54.454
2865 77.2172
2866 23.009
2867 42.6543
2868 55.3645
2869 33.5232
2870 39.7579
2871 83.6296
2872 83.1323
2873 41.8529
2874 50.1848
2875 99.1718
2876 39.5831
2877 16.8307
2878 55.279
2879 82.8566
2880 60.7822
2881 9.65345
2882 8.45222
2883 15.5041
2884 33.4255
2885 80.1099
2886 31.2307
2887 19.5947
2888 78.1575
2889 85.7835
2890 50.8198
2891 79.4573
2892 51.7676
2893 69.6
2894 7.64234
2895 65.8895
2896 14.4617
2897 36.6137
2898 6.89771
2899 24.7294
2900 49.3523
2901 66.098
2902 54.497
2903 7.05554
2904 4.46072
2905 52.3095
2906 69.1952
2907 34.2088
2908 77.8409
2909 11.349
2910 92.429
2911 68.4999
2912 31.5759
2913 80.1099
2914 31.0238
2915 7.65635
2916 4.24206
2917 40.2846
2918 26.1834
2919 33.7091
2920 95.2372
2921 44.169
2922 69.8005
2923 10.1522
2924 74.3513
2925 67.8808
2926 19.9907
2927 1.88482
2928 22.2009
2929 23.5328
2930 35.0053
2931 1.56938
2932 66.6348
2933 67.4686
2934 22.7884
2935 96.7457
2936 52.4213
2937 68.1211
2938 99.6995
2939 99.1916
2940 75.6679
2941 21.07
2942 23.9128
2943 85.0854
2944 97.7315
2945 89.1038
2946 18.7634
2947 66.0796
2948 42.3848
2949 79.9537
2950 78.2652
2951 13.9538
2952 14.2601
2953 13.8837
2954 24.0118
2955 67.1331
2956 27.1185
2957 9.07803
2958 39.4148
2959 60.2634
2960 2.63432
2961 46.0051
2962 41.2459
2963 45.083
2964 86.6649
2965 13.2374
2966 51.6079
2967 59.5791
2968 83.2167
2969 74.7851
2970 33.7988
2971 18.3367
2972 22.6338
2973 72.2069
2974 64.0683
2975 95.026
2976 57.2393
2977 61.9559
2978 35.3542
2979 24.6681
2980 8.2623
2981 90.5411
2982 18.7594
2983 97.7238
2984 57.9279
2985 52.0486
2986 41.3116
2987 61.327
2988 57.8215
2989 45.3086
2990 17.3227
2991 8.21304
2992 54.5584
2993 48.4206
2994 48.9132
2995 12.7961
2996 59.7858
2997 92.8462
2998 51.4224
2999 9.61558
3000 65.0112
3001 4.39159
3002 78.3981
3003 70.3966
3004 31.1991
3005 82.951
3006 62.9682
3007 20.3043
3008 25.357
3009 3.71049
3010 16.2284
3011 30.0731
3012 67.0644
3013 60.9228
3014 94.7556
3015 67.8672
3016 88.9368
3017 83.5724
3018 13.0426
3019 44.6614
3020 30.5678
3021 65.7107
3022 78.8006
3023 3.4711
3024 51.7348
3025 14.2265
3026 44.1075
3027 26.7517
3028 81.3699
3029 21.7585
3030 13.2632
3031 89.7358
3032 48.2705
3033 1.36716
3034 33.8206
3035 88.1158
3036 45.0685
3037 41.6967
3038 97.8074
3039 77.4118
3040 25.6251
3041 55.3605
3042 65.1341
3043 89.3446
3044 7.11267
3045 73.7051
3046 98.2359
3047 52.637
3048 29.3277
3049 13.9669
3050 36.1459
3051 63.7312
3052 73.6308
3053 37.1251
3054 87.7666
3055 17.4302
3056 32.759
3057 65.6683
3058 58.5596
3059 75.8058
3060 61.5485
3061 18.4003
3062 2.36331
3063 45.2107
3064 55.3496
3065 80.0688
3066 33.4351
3067 44.2297
3068 1.89849
3069 53.8888
3070 81.7516
3071 1.75447
3072 9.46047
3073 32.0766
3074 81.0348
3075 32.1151
3076 34.5863
3077 86.4508
3078 78.1047
3079 88.7956
3080 86.0247
3081 45.0832
3082 89.8485
3083 61.6258
3084 30.0526
3085 19.3249
3086 97.134
3087 45.4115
3088 64.1253
3089 63.3938
3090 45.298
3091 37.8648
3092 45.2619
3093 23.9314
3094 1.46341
3095 67.5793
3096 3.06622
3097 77.9394
3098 82.7914
3099 54.0939
3100 63.7954
3101 63.5444
3102 3.46493
3103 47.0071
3104 51.7091
3105 77.5191
3106 47.897
3107 60.1929
3108 5.81261
3109 3.56163
3110 88.3527
3111 67.4437
3112 99.2342
3113 99.0988
3114 2.30154
3115 95.9832
3116 7.90827
3117 80.3447
3118 16.6869
3119 13.3696
3120 95.4872
3121 87.8798
3122 39.3944
3123 13.5645
3124 4.71528
3125 73.6778
3126 34.2495
3127 69.6735
3128 54.547
3129 55.9706
3130 24.0245
3131 82.1549
3132 47.9328
3133 67.8496
3134 90.4365
3135 43.2009
3136 34.8028
3137 62.292
3138 40.4605
3139 13.2092
3140 72.4735
3141 88.4945
3142 73.4709
3143 22.5994
3144 88.0317
3145 17.4809
3146 92.5013
3147 96.0282
3148 71.4534
3149 72.0609
3150 84.2375
3151 4.82721
3152 73.9604
3153 32.6843
3154 97.4511
3155 29.4077
3156 71.2794
3157 18.7933
3158 73.8015
3159 35.0743
3160 71.2823
3161 66.6224
3162 56.7401
3163 86.2116
3164 19.074
3165 39.0574
3166 91.4467
3167 92.5634
3168 50.6523
3169 35.8035
3170 51.1009
3171 51.3045
3172 8.3444
3173 84.3942
3174 64.6028
3175 69.7909
3176 47.2449
3177 89.4906
3178 85.2972
3179 94.3549
3180 64.2058
3181 31.0018
3182 33.7711
3183 47.6431
3184 48.8429
3185 19.3347
3186 64.8017
3187 46.921
3188 90.1797
3189 82.7243
3190 14.8458
3191 57.3027
3192 39.1937
3193 5.83086
3194 13.3045
3195 90.4416
3196 29.1728
3197 82.9316
3198 35.015
3199 64.4846
3200 64.431
3201 54.262
3202 18.1026
3203 47.3121
3204 30.3447
3205 78.1824
3206 8.15848
3207 28.6158
3208 27.4783
3209 17.421
3210 75.0895
3211 1.15698
3212 65.2819
3213 98.1843
3214 75.0154
3215 43.4471
3216 14.7405
3217 70.2716
3218 7.94976
3219 84.6424
3220 77.6985
3221 93.5751
3222 27.5807
3223 55.231
3224 68.1409
3225 35.9151
3226 45.4764
3227 65.1737
3228 62.3594
3229 84.1429
3230 97.9872
3231 30.4209
3232 71.7443
3233 10.8366
3234 93.1059
3235 60.7755
3236 95.581
3237 79.399
3238 61.853
3239 88.0406
3240 68.5214
3241 95.4315
3242 42.512
3243 39.8474
3244 3.74993
3245 85.0804
3246 14.3154
3247 53.6349
3248 71.3337
3249 39.0325
3250 70.0276
3251 65.4997
3252 95.7504
3253 55.9874
3254 9.20588
3255 10.2032
3256 40.4793
3257 30.838
3258 53.9314
3259 5.76951
3260 71.1316
3261 8.50481
3262 8.30803
3263 67.119
3264 87.8788
3265 21.7891
3266 33.2039
3267 18.1663
3268 29.2963
3269 80.0698
3270 50.801
3271 59.7178
3272 39.725
3273 26.7041
3274 73.0487
3275 54.4465
3276 50.1478
3277 71.1717
3278 87.9988
3279 59.0309
3280 77.3605
3281 54.6863
3282 21.3086
3283 75.4022
3284 10.3517
3285 61.9561
3286 37.4919
3287 16.0311
3288 79.0556
3289 32.6968
3290 9.33542
3291 9.45491
3292 37.7414
3293 50.8363
3294 59.0112
3295 43.2793
3296 65.9624
3297 52.2159
3298 80.0283
3299 46.2739
3300 5.12282
3301 92.2611
3302 19.3272
3303 36.4864
3304 44.3201
3305 35.2018
3306 35.9589
3307 89.401
3308 63.6804
3309 11.7462
3310 36.2688
3311 50.2499
3312 4.58131
3313 99.0303
3314 37.4485
3315 78.2045
3316 82.2989
3317 93.2452
3318 26.9016
3319 25.5778
3320 52.2065
3321 21.1475
3322 40.2867
3323 61.5837
3324 16.8794
3325 80.5422
3326 70.4908
3327 30.4292
3328 12.7523
3329 17.0768
3330 33.2356
3331 56.9659
3332 20.0734
3333 5.01633
3334 84.3805
3335 32.5995
3336 57.52
3337 27.8905
3338 15.2098
3339 37.0651
3340 69.2662
3341 40.3104
3342 63.6651
3343 51.8516
3344 95.0786
3345 51.2977
3346 91.6577
3347 75.2998
3348 70.1284
3349 76.337
3350 79.5472
3351 77.6303
3352 36.0895
3353 7.57878
3354 86.5109
3355 99.5331
3356 73.9643
3357 97.9373
3358 82.5459
3359 85.7411
3360 31.3637
3361 77.3222
3362 4.97218
3363 35.4196
3364 34.5261
3365 65.1084
3366 53.4048
3367 64.2299
3368 39.6683
3369 62.7698
3370 51.2531
3371 36.3294
3372 79.4496
3373 21.8275
3374 83.3597
3375 1.73273
3376 39.9808
3377 67.9401
3378 27.4074
3379 13.8468
3380 96.8155
3381 38.3259
3382 74.1885
3383 5.17268
3384 39.1753
3385 93.7515
3386 20.8499
3387 87.2136
3388 28.4991
3389 45.6906
3390 2.07681
3391 80.9924
3392 13.9552
3393 38.6604
3394 52.2981
3395 75.7697
3396 48.3186
3397 17.7967
3398 54.8849
3399 91.7912
3400 41.2221
3401 42.4732
3402 80.5243
3403 65.7409
3404 90.6615
3405 62.9722
3406 86.9829
3407 13.3752
3408 91.1094
3409 67.0207
3410 18.4819
3411 85.8405
3412 17.9154
3413 68.9963
3414 56.9865
3415 69.2595
3416 26.3291
3417 6.52318
3418 66.0212
3419 51.0299
3420 46.0482
3421 72.7851
3422 80.0669
3423 1.29521
3424 12.6497
3425 74.7259
3426 27.5427
3427 10.6918
3428 36.7997
3429 63.1457
3430 33.3319
3431 91.5079
3432 32.5095
3433 29.6683
3434 95.3083
3435 51.026
3436 80.3097
3437 22.4585
3438 95.2049
3439 95.0361
3440 29.108
3441 83.0563
3442 50.7223
3443 24.2991
3444 43.5422
3445 30.4532
3446 20.2062
3447 60.2683
3448 84.1351
3449 65.4941
3450 2.89633
3451 93.6006
3452 58.9616
3453 1.24763
3454 4.98788
3455 2.34101
3456 66.4201
3457 22.9426
3458 15.635
3459 54.9019
3460 80.3337
3461 29.752
3462 16.7925
3463 6.31567
3464 43.5191
3465 37.8802
3466 8.17593
3467 24.7948
3468 59.2157
3469 16.0998
3470 45.9952
3471 73.3705
3472 18.6129
3473 10.89
3474 2.00159
3475 4.67982
3476 71.716
3477 29.0972
3478 99.247
3479 16.8655
3480 45.2026
3481 18.4501
3482 47.0595
3483 42.6721
3484 58.368
3485 24.1596
3486 75.2328
3487 33.7811
3488 18.1148
3489 53.8427
3490 98.4196
3491 69.7601
3492 24.8474
3493 51.5339
3494 2.84822
3495 77.0749
3496 7.13939
3497 27.7613
3498 21.4452
3499 94.3139
3500 68.7603
3501 51.0938
3502 31.8553
3503 24.2475
3504 68.1948
3505 50.8499
3506 90.4404
3507 9.06955
3508 94.866
3509 41.3817
3510 50.9887
3511 46.7356
3512 42.8722
3513 55.761
3514 64.7417
3515 27.9146
3516 24.5364
3517 73.0131
3518 50.674
3519 5.01818
3520 16.631
3521 63.6468
3522 40.6366
3523 1.73185
3524 25.2075
3525 64.8705
3526 14.8663
3527 5.72231
3528 69.7969
3529 48.7402
3530 74.2185
3531 13.7306
3532 24.8629
3533 15.5962
3534 96.6729
3535 16.7289
3536 26.8899
3537 27.2338
3538 66.1303
3539 2.4274
3540 33.2299
3541 60.3101
3542 93.263
3543 28.1564
3544 28.0162
3545 47.9614
3546 53.1376
3547 29.1593
3548 54.6761
3549 47.3239
3550 31.5617
3551 38.7283
3552 5.54754
3553 3.46679
3554 78.3427
3555 30.203
3556 72.1776
3557 66.4383
3558 31.0258
3559 42.0835
3560 65.4776
3561 21.6014
3562 46.1133
3563 77.9285
3564 96.5763
3565 77.1788
3566 69.4009
3567 27.695
3568 95.0864
3569 82.5139
3570 42.5291
3571 29.924
3572 36.317
3573 69.155
3574 51.7057
3575 19.4471
3576 71.9321
3577 97.922
3578 22.9012
3579 13.0217
3580 89.2422
3581 68.0392
3582 9.09179
3583 72.8027
3584 78.279
3585 48.3931
3586 81.4567
3587 94.9282
3588 97.8982
3589 18.3645
3590 92.5677
3591 23.8925
3592 41.4678
3593 13.2651
3594 21.9708
3595 16.873
3596 72.3852
3597 89.5347
3598 33.2343
3599 35.3347
3600 92.1484
3601 6.06721
3602 25.5366
3603 52.8218
3604 67.1662
3605 88.1226
3606 60.2384
3607 76.9564
3608 93.3956
3609 78.8214
3610 57.1039
3611 62.6888
3612 76.8446
3613 96.6469
3614 74.828
3615 60.5978
3616 78.2501
3617 56.7214
3618 69.4901
3619 40.6603
3620 4.35174
3621 2.63717
3622 93.831
3623 71.0954
3624 94.0006
3625 50.8311
3626 71.6965
3627 98.6067
3628 47.3011
3629 43.9646
3630 99.5299
3631 19.3146
3632 23.211
3633 71.637
3634 88.7354
3635 63.8796
3636 92.3415
3637 84.3785
3638 98.2772
3639 53.0002
3640 95.3995
3641 97.7537
3642 64.7277
3643 91.2713
3644 15.7772
3645 70.1122
3646 2.2995
3647 61.6784
3648 24.1868
3649 38.2063
3650 42.9624
3651 85.6954
3652 54.1077
3653 97.7419
3654 65.5958
3655 28.576
3656 51.4465
3657 18.7842
3658 18.4221
3659 70.5943
3660 86.2079
3661 54.5953
3662 75.8946
3663 68.3959
3664 64.0506
3665 94.7838
3666 46.8699
3667 24.2405
3668 48.4806
3669 68.1466
3670 32.9559
3671 9.34052
3672 95.0823
3673 14.6862
3674 47.5274
3675 84.8185
3676 66.8883
3677 71.4587
3678 60.9988
3679 85.505
3680 22.8104
3681 69.5423
3682 27.7717
3683 96.6405
3684 66.6081
3685 14.8401
3686 60.8562
3687 64.3884
3688 30.3012
3689 39.6582
3690 90.6717
3691 36.5694
3692 54.703
3693 4.53515
3694 16.3364
3695 63.0676
3696 7.69049
3697 82.9846
3698 34.631
3699 46.7213
3700 1.11719
3701 89.5646
3702 40.5773
3703 95.1483
3704 34.8678
3705 65.7129
3706 16.5282
3707 18.7402
3708 71.8796
3709 7.64831
3710 67.1337
3711 36.9834
3712 82.2508
3713 75.7441
3714 14.0779
3715 21.6885
3716 25.0527
3717 38.4792
3718 75.3349
3719 67.0469
3720 63.7225
3721 26.7045
3722 80.2947
3723 68.4446
3724 91.8242
3725 1.479
3726 32.48
3727 29.9556
3728 73.5243
3729 29.2267
3730 98.5274
3731 99.9506
3732 60.9831
3733 20.5653
3734 56.0957
3735 47.5504
3736 76.4035
3737 8.56135
3738 67.6504
3739 8.80522
3740 8.35483
3741 61.5882
3742 91.5657
3743 13.4215
3744 76.8092
3745 95.9836
3746 15.9516
3747 30.2288
3748 10.633
3749 37.8245
3750 61.4997
3751 89.3959
3752 76.0403
3753 42.7324
3754 81.5382
3755 78.3261
3756 47.6211
3757 75.748
3758 79.4216
3759 45.3855
3760 22.5626
3761 64.1079
3762 67.9067
3763 59.4218
3764 14.9857
3765 32.2384
3766 27.071
3767 1.65716
3768 56.947
3769 98.4731
3770 78.264
3771 93.2108
3772 42.5365
3773 55.5414
3774 37.4747
3775 23.3774
3776 96.5149
3777 34.4353
3778 24.3816
3779 45.2434
3780 11.5759
3781 44.3779
3782 16.6368
3783 62.1125
3784 93.402
3785 86.901
3786 22.8359
3787 4.39095
3788 67.6259
3789 93.1796
3790 13.3004
3791 22.2853
3792 56.7409
3793 1.53711
3794 19.2884
3795 77.3508
3796 89.6933
3797 26.5752
3798 83.9555
3799 16.7865
3800 4.54614
3801 2.91798
3802 61.5028
3803 41.8154
3804 14.0438
3805 41.901
3806 67.4163
3807 35.2555
3808 48.3578
3809 82.5701
3810 97.0505
3811 28.2265
3812 18.5379
3813 37.563
3814 23.1701
3815 77.6606
3816 48.9964
3817 25.1052
3818 29.4104
3819 17.2719
3820 45.3075
3821 98.1015
3822 70.1708
3823 97.0925
3824 40.9805
3825 40.2881
3826 85.7408
3827 25.3101
3828 7.55305
3829 50.0783
3830 91.505
3831 82.9939
3832 92.0242
3833 97.0057
3834 67.1966
3835 5.72922
3836 86.9658
3837 21.3817
3838 16.518
3839 46.557
3840 10.7494
3841 14.4799
3842 46.5193
3843 70.6571
3844 53.4932
3845 64.386
3846 89.245
3847 15.8416
3848 62.561
3849 7.41195
3850 54.6397
3851 29.0857
3852 5.19207
3853 68.2024
3854 80.3972
3855 8.40453
3856 5.88123
3857 67.7486
3858 75.7173
3859 58.9765
3860 54.4761
3861 51.5294
3862 26.8628
3863 67.6106
3864 34.1192
3865 57.3507
3866 53.0788
3867 29.8556
3868 75.5999
3869 66.0989
3870 68.7961
3871 59.5137
3872 73.3866
3873 90.7397
3874 90.9124
3875 23.4954
3876 98.4718
3877 55.7356
3878 34.5308
3879 44.482
3880 84.1291
3881 63.1954
3882 77.1046
3883 10.458
3884 67.0551
3885 2.37433
3886 32.3099
3887 40.6418
3888 88.8849
3889 1.94481
3890 40.4627
3891 48.8024
3892 31.1817
3893 88.2263
3894 20.9772
3895 48.4733
3896 43.1947
3897 30.9033
3898 61.5503
3899 48.339
3900 63.7566
3901 4.58602
3902 79.2182
3903 92.5481
3904 91.1481
3905 24.8228
3906 34.8318
3907 55.1879
3908 35.568
3909 53.2616
3910 34.0735
3911 81.673
3912 67.8035
3913 8.11534
3914 95.5178
3915 8.45864
3916 24.4383
3917 7.68939
3918 64.6464
3919 11.2304
3920 79.7115
3921 67.3163
3922 36.602
3923 8.30115
3924 50.4026
3925 97.226
3926 7.56689
3927 84.6935
3928 45.7504
3929 17.7569
3930 78.1549
3931 42.1152
3932 4.31557
3933 87.7774
3934 99.1455
3935 93.2115
3936 53.2079
3937 22.8671
3938 32.7329
3939 22.2159
3940 77.0278
3941 7.19777
3942 18.9861
3943 45.6142
3944 6.56622
3945 96.3782
3946 14.074
3947 54.3601
3948 82.0875
3949 3.90719
3950 55.2188
3951 59.9065
3952 41.9322
3953 95.8644
3954 90.8925
3955 83.4809
3956 60.1392
3957 92.6733
3958 16.8433
3959 67.6331
3960 16.095
3961 65.1905
3962 47.5671
3963 58.9474
3964 59.9012
3965 52.2257
3966 46.5338
3967 17.4218
3968 89.7869
3969 15.047
3970 72.9402
3971 12.4852
3972 81.1264
3973 86.6908
3974 53.2837
3975 9.36816
3976 64.7285
3977 4.40716
3978 43.1384
3979 74.6822
3980 85.1641
3981 35.2691
3982 79.4026
3983 24.3288
3984 48.7104
3985 67.8362
3986 63.4958
3987 77.2529
3988 27.8407
3989 69.1874
3990 2.24022
3991 55.3735
3992 87.1408
3993 91.6618
3994 44.3002
3995 98.0898
3996 70.9413
3997 76.5948
3998 56.2289
3999 9.75838
4000 89.1248
4001 74.9291
4002 76.7395
4003 13.3089
4004 65.8939
4005 88.3352
4006 70.1621
4007 49.8478
4008 78.0091
4009 65.1412
4010 11.1195
4011 96.2639
4012 74.1345
4013 87.276
4014 87.8971
4015 31.7807
4016 57.432
4017 34.2769
4018 35.4363
4019 17.796
4020 42.288
4021 38.1966
4022 77.7206
4023 68.8225
4024 8.27945
4025 81.7342
4026 6.37584
4027 64.698
4028 86.8873
4029 88.9021
4030 93.4086
4031 99.5543
4032 34.8568
4033 78.5766
4034 99.1684
4035 82.2877
4036 2.8645
4037 53.7055
4038 68.7357
4039 34.1345
4040 17.8109
4041 95.5049
4042 87.4045
4043 69.1686
4044 81.9176
4045 20.2967
4046 95.2955
4047 33.6914
4048 95.1059
4049 14.9801
4050 37.1895
4051 81.3885
4052 37.2156
4053 24.3796
4054 10.8008
4055 85.8955
4056 51.9625
4057 78.5796
4058 52.0141
4059 54.5237
4060 59.7429
4061 65.0833
4062 27.8412
4063 77.1989
4064 12.2124
4065 51.3177
4066 31.9348
4067 73.172
4068 48.0609
4069 42.7816
4070 17.5973
4071 69.1536
4072 28.9588
4073 50.495
4074 65.8883
4075 92.9153
4076 24.8262
4077 91.8462
4078 75.7938
4079 57.1137
4080 30.4874
4081 2.11285
4082 92.7339
4083 45.8338
4084 33.8742
4085 98.0942
4086 45.7567
4087 24.4751
4088 32.8095
4089 23.5608
4090 10.117
4091 77.1786
4092 66.2002
4093 88.8173
4094 54.9333
4095 14.8281
4096 56.2447
4097 77.4045
4098 2.52737
4099 30.5306
4100 34.5339
4101 97.0281
4102 47.471
4103 27.7277
4104 50.8346
4105 31.1002
4106 5.0908
4107 49.0808
4108 56.7993
4109 92.4832
4110 89.1637
4111 35.99
4112 18.6352
4113 89.1788
4114 91.7095
4115 54.6817
4116 41.5406
4117 49.3573
4118 50.6784
4119 78.681
4120 72.1298
4121 54.6568
4122 19.3854
4123 26.1646
4124 14.096
4125 27.82
4126 17.4761
4127 12.444
4128 81.9741
4129 79.3818
4130 69.5977
4131 66.9318
4132 8.9924
4133 85.3484
4134 62.6942
4135 67.639
4136 15.2039
4137 36.4159
4138 48.8256
4139 24.8572
4140 18.9056
4141 78.8616
4142 39.6472
4143 6.23919
4144 45.1177
4145 76.2847
4146 91.1124
4147 18.3539
4148 14.3034
4149 49.5016
4150 1.07252
4151 31.8987
4152 59.626
4153 80.383
4154 66.893
4155 51.3817
4156 18.4919
4157 57.1637
4158 78.358
4159 89.6958
4160 67.5379
4161 97.7941
4162 50.6617
4163 95.1484
4164 36.4104
4165 54.9948
4166 57.1376
4167 35.8091
4168 46.097
4169 2.47457
4170 34.051
4171 98.3289
4172 30.686
4173 73.1261
4174 68.7889
4175 37.3302
4176 69.8012
4177 21.9533
4178 20.1043
4179 30.7223
4180 89.3065
4181 59.0863
4182 18.9702
4183 76.6512
4184 14.0671
4185 37.5616
4186 97.0771
4187 79.3627
4188 45.6339
4189 40.6311
4190 9.63505
4191 95.2633
4192 86.2004
4193 27.5422
4194 1.52428
4195 1.64385
4196 31.2506
4197 58.2442
4198 22.0146
4199 59.7253
4200 66.1103
4201 62.9027
4202 7.95371
4203 51.9615
4204 62.3969
4205 22.488
4206 96.8205
4207 23.444
4208 27.8078
4209 9.86621
4210 20.3873
4211 35.1333
4212 72.6292
4213 32.3482
4214 90.5574
4215 94.5566
4216 88.1019
4217 10.3604
4218 9.78238
4219 96.4532
4220 87.5175
4221 87.2409
4222 91.0064
4223 18.1959
4224 31.2521
4225 82.2416
4226 20.8636
4227 20.9212
4228 96.987
4229 49.7235
4230 67.7417
4231 58.481
4232 42.4
4233 39.1479
4234 28.3495
4235 6.25209
4236 63.8314
4237 75.0775
4238 96.3607
4239 16.6956
4240 60.1936
4241 16.3818
4242 33.9515
4243 10.3605
4244 12.6422
4245 47.5449
4246 81.5027
4247 75.1269
4248 35.9498
4249 35.8532
4250 94.7782
4251 51.5189
4252 48.884
4253 16.1176
4254 48.0976
4255 66.1406
4256 76.9578
4257 19.4413
4258 74.7626
4259 51.3658
4260 49.3747
4261 47.2386
4262 82.361
4263 46.8327
4264 90.4931
4265 4.62561
4266 51.5597
4267 40.2509
4268 53.9488
4269 98.8782
4270 56.441
4271 9.41896
4272 27.4116
4273 84.4808
4274 35.3742
4275 62.8767
4276 66.4642
4277 70.4794
4278 36.8293
4279 66.8579
4280 54.9241
4281 57.3399
4282 68.9379
4283 65.4797
4284 56.9948
4285 11.0834
4286 82.9891
4287 11.2409
4288 58.1119
4289 74.9085
4290 27.5038
4291 49.5728
4292 9.23591
4293 19.9062
4294 67.0391
4295 30.3647
4296 19.359
4297 76.8526
4298 32.0685
4299 42.7104
4300 9.20459
4301 87.5627
4302 55.2874
4303 25.2298
4304 44.2112
4305 86.0644
4306 18.6542
4307 12.8479
4308 38.8454
4309 92.0062
4310 90.593
4311 99.6997
4312 3.57594
4313 31.8167
4314 68.9907
4315 61.9066
4316 97.6874
4317 39.6904
4318 38.7013
4319 46.5907
4320 82.583
4321 16.5032
4322 93.524
4323 59.5258
4324 78.9603
4325 15.347
4326 65.4054
4327 96.3259
4328 25.6036
4329 89.0606
4330 84.2747
4331 36.1373
4332 18.5583
4333 84.1319
4334 11.3527
4335 55.7601
4336 50.7238
4337 49.53
4338 82.799
4339 83.0926
4340 68.0129
4341 63.4679
4342 3.64251
4343 61.6215
4344 57.4097
4345 54.8084
4346 92.5685
4347 37.0511
4348 32.1871
4349 57.3386
4350 47.2346
4351 15.4863
4352 31.1874
4353 85.4477
4354 49.0235
4355 83.9299
4356 81.2041
4357 7.62963
4358 50.113
4359 80.9846
4360 80.8433
4361 82.0784
4362 50.1784
4363 89.8253
4364 67.4869
4365 34.0731
4366 75.0941
4367 78.9549
4368 23.4811
4369 56.0891
4370 35.524
4371 6.37565
4372 61.5616
4373 40.8556
4374 20.558
4375 32.4509
4376 36.0184
4377 99.5249
4378 35.3525
4379 94.7754
4380 3.89444
4381 38.8171
4382 12.4809
4383 9.58577
4384 59.1101
4385 22.9685
4386 54.6477
4387 64.9926
4388 87.7106
4389 65.8541
4390 13.7078
4391 38.1351
4392 35.3522
4393 89.5679
4394 96.4125
4395 95.9034
4396 53.3148
4397 36.4541
4398 96.2657
4399 4.46881
4400 89.3213
4401 10.4294
4402 80.6862
4403 14.6253
4404 13.9616
4405 46.2441
4406 98.7959
4407 58.3186
4408 85.0276
4409 17.1974
4410 79.1033
4411 42.7318
4412 71.8445
4413 12.0686
4414 10.1807
4415 58.7397
4416 34.7818
4417 5.94583
4418 64.6185
4419 36.7371
4420 99.8507
4421 65.0826
4422 15.531
4423 89.8335
4424 6.53389
4425 48.0214
4426 70.9539
4427 90.6403
4428 4.01954
4429 62.3221
4430 51.129
4431 29.4813
4432 20.9391
4433 2.2504
4434 28.5238
4435 65.0277
4436 84.3789
4437 5.05574
4438 53.8738
4439 26.5443
4440 59.4094
4441 3.15535
4442 91.0349
4443 1.79327
4444 67.445
4445 21.3664
4446 55.7006
4447 39.8777
4448 19.1293
4449 76.578
4450 69.7366
4451 26.0783
4452 48.6421
4453 9.37434
4454 69.4702
4455 3.32488
4456 69.2155
4457 78.8514
4458 65.7323
4459 45.4003
4460 73.9377
4461 47.4489
4462 52.0434
4463 51.5919
4464 87.6183
4465 98.6671
4466 71.7063
4467 65.5833
4468 15.9716
4469 70.0242
4470 8.3845
4471 65.2532
4472 11.8012
4473 69.1529
4474 16.4495
4475 82.4137
4476 41.3435
4477 3.18365
4478 71.6484
4479 82.336
4480 22.7962
4481 30.2992
4482 6.68067
4483 40.0492
4484 29.2708
4485 48.0784
4486 40.2584
4487 81.5884
4488 32.085
4489 23.5226
4490 61.8357
4491 94.1264
4492 84.7945
4493 60.554
4494 35.4055
4495 94.2187
4496 52.1714
4497 25.0045
4498 20.1645
4499 51.1582
4500 24.9844
4501 77.8876
4502 3.88187
4503 25.5355
4504 34.62
4505 58.68
4506 20.7799
4507 98.9574
4508 99.9302
4509 15.2643
4510 61.7812
4511 68.0009
4512 59.6034
4513 96.099
4514 73.7972
4515 62.0161
4516 56.8446
4517 61.616
4518 64.5691
4519 97.5128
4520 76.1685
4521 19.6185
4522 81.7909
4523 68.3045
4524 13.6248
4525 28.2093
4526 27.141
4527 90.0973
4528 83.5001
4529 85.8277
4530 99.4824
4531 13.9679
4532 53.2824
4533 85.636
4534 46.199
4535 33.6569
4536 9.85261
4537 88.7423
4538 80.8509
4539 11.3116
4540 58.4218
4541 36.481
4542 53.1778
4543 11.6585
4544 47.9588
4545 8.71619
4546 96.0368
4547 18.6072
4548 14.717
4549 70.0474
4550 2.28931
4551 88.5158
4552 35.944
4553 36.6103
4554 48.7051
4555 78.0081
4556 48.6734
4557 40.4087
4558 33.3477
4559 59.294
4560 44.2245
4561 12.801
4562 43.0397
4563 97.9535
4564 57.4618
4565 39.1181
4566 22.4337
4567 74.4064
4568 4.78741
4569 97.9526
4570 41.737
4571 82.7364
4572 21.4423
4573 44.2681
4574 53.1902
4575 21.0606
4576 64.4589
4577 27.353
4578 88.7072
4579 84.6281
4580 35.8986
4581 65.0888
4582 20.7306
4583 62.8957
4584 88.3227
4585 58.3512
4586 38.2003
4587 41.8545
4588 78.0881
4589 7.13782
4590 1.41543
4591 53.1836
4592 10.3846
4593 21.1971
4594 82.3408
4595 5.20325
4596 58.0971
4597 24.935
4598 39.3968
4599 54.5488
4600 86.1766
4601 24.0909
4602 10.23
4603 94.9967
4604 60.9939
4605 3.70052
4606 46.6028
4607 88.3605
4608 98.9598
4609 40.7128
4610 95.2298
4611 17.7527
4612 7.71227
4613 53.0501
4614 42.5818
4615 24.8734
4616 92.596
4617 4.76644
4618 42.4835
4619 56.0718
4620 41.4416
4621 67.8225
4622 30.015
4623 80.5684
4624 14.4907
4625 29.9722
4626 54.2831
4627 74.3232
4628 91.5511
4629 65.4186
4630 20.9744
4631 1.04944
4632 39.8882
4633 96.7427
4634 2.28643
4635 39.9933
4636 80.0997
4637 58.0634
4638 52.2184
4639 23.732
4640 17.088
4641 23.6688
4642 42.9612
4643 65.4899
4644 30.1063
4645 30.8583
4646 97.4599
4647 77.6783
4648 49.698
4649 35.6635
4650 74.4475
4651 2.11882
4652 93.9952
4653 57.8448
4654 42.2197
4655 76.8806
4656 7.47223
4657 77.7045
4658 94.2274
4659 1.11031
4660 72.9039
4661 96.5259
4662 21.8808
4663 88.6156
4664 29.8618
4665 80.7298
4666 55.1593
4667 51.1416
4668 42.2708
4669 45.677
4670 71.0276
4671 42.8134
4672 57.6265
4673 35.2272
4674 67.3243
4675 71.9728
4676 88.4289
4677 60.0449
4678 91.3334
4679 69.4796
4680 62.7086
4681 12.6371
4682 60.7881
4683 8.84364
4684 60.013
4685 50.2799
4686 15.0034
4687 33.2297
4688 56.9474
4689 6.73694
4690 94.7736
4691 73.4005
4692 27.1902
4693 25.1336
4694 11.9695
4695 27.6619
4696 32.8302
4697 74.412
4698 98.2257
4699 78.1091
4700 63.8962
4701 74.0897
4702 27.8769
4703 82.1926
4704 87.3939
4705 89.4231
4706 39.715
4707 56.0418
4708 32.5776
4709 86.3497
4710 62.2241
4711 87.232
4712 41.1126
4713 82.1824
4714 15.06
4715 94.265
4716 39.2302
4717 25.9783
4718 50.476
4719 42.3073
4720 64.6017
4721 52.1027
4722 59.5045
4723 18.8145
4724 33.4349
4725 40.5718
4726 2.8986
4727 32.829
4728 53.3116
4729 81.5358
4730 38.5349
4731 22.411
4732 88.9222
4733 36.2402
4734 65.7553
4735 35.6333
4736 61.8001
4737 90.0431
4738 64.7462
4739 6.23765
4740 19.1019
4741 12.4978
4742 95.082
4743 8.90144
4744 41.4759
4745 50.2342
4746 38.9817
4747 8.07942
4748 85.8196
4749 62.2297
4750 81.8167
4751 7.47269
4752 85.4727
4753 74.2159
4754 70.3074
4755 16.1
4756 49.4338
4757 50.0762
4758 55.8785
4759 59.3293
4760 43.6805
4761 78.0258
4762 50.3326
4763 9.45691
4764 71.2744
4765 33.4056
4766 43.4424
4767 35.2662
4768 29.6559
4769 85.3438
4770 84.3789
4771 5.29593
4772 31.7685
4773 50.0716
4774 77.3819
4775 18.7819
4776 78.8923
4777 59.5925
4778 12.8031
4779 78.9731
4780 31.4256
4781 28.5565
4782 21.0177
4783 36.9044
4784 41.7547
4785 82.8159
4786 69.141
4787 14.9489
4788 8.72752
4789 88.3512
4790 41.6038
4791 21.496
4792 55.7868
4793 4.09347
4794 18.0338
4795 78.3107
4796 86.4875
4797 2.99443
4798 59.3912
4799 94.6873
4800 9.24569
4801 85.3296
4802 43.8295
4803 6.70655
4804 79.0704
4805 83.6062
4806 86.3096
4807 80.8305
4808 64.6873
4809 5.35102
4810 66.5873
4811 60.807
4812 31.1167
4813 84.7837
4814 76.2868
4815 27.4043
4816 59.4104
4817 20.9187
4818 54.9326
4819 2.54732
4820 68.7245
4821 43.3132
4822 41.6729
4823 93.82
4824 83.7267
4825 31.9686
4826 46.9005
4827 42.7725
4828 62.4769
4829 79.8153
4830 29.8906
4831 68.8079
4832 59.9721
4833 56.1586
4834 15.1054
4835 63.934
4836 17.0263
4837 75.5105
4838 47.2125
4839 39.5648
4840 7.13903
4841 21.6581
4842 9.25269
4843 4.90473
4844 89.8385
4845 89.9484
4846 57.4458
4847 66.7738
4848 26.8747
4849 68.8888
4850 33.4222
4851 24.329
4852 51.0325
4853 89.4926
4854 18.8617
4855 35.123
4856 97.4784
4857 91.0348
4858 1.51898
4859 11.5716
4860 72.4223
4861 19.8481
4862 79.5171
4863 67.4856
4864 11.8523
4865 38.2437
4866 78.4564
4867 60.3948
4868 33.1605
4869 82.004
4870 86.3134
4871 45.6013
4872 86.235
4873 14.8593
4874 86.299
4875 2.1471
4876 74.264
4877 85.4903
4878 72.3785
4879 75.9818
4880 49.3917
4881 34.629
4882 11.8184
4883 62.2257
4884 15.0226
4885 59.1405
4886 39.1397
4887 88.8756
4888 44.0491
4889 34.457
4890 91.486
4891 60.9022
4892 45.4579
4893 52.3517
4894 86.8847
4895 45.6343
4896 47.403
4897 73.0216
4898 94.3244
4899 46.8135
4900 65.722
4901 71.1498
4902 18.4685
4903 58.7355
4904 63.2523
4905 43.3897
4906 40.7329
4907 36.3204
4908 26.978
4909 23.8181
4910 77.1759
4911 20.7862
4912 7.20407
4913 25.7531
4914 28.67
4915 47.7222
4916 91.7805
4917 59.3444
4918 1.06325
4919 74.1106
4920 81.7118
4921 26.9515
4922 72.0979
4923 14.0233
4924 92.9639
4925 49.9561
4926 17.655
4927 48.9933
4928 71.3182
4929 75.1515
4930 53.4073
4931 8.19855
4932 9.08887
4933 23.6007
4934 86.9294
4935 3.92524
4936 61.5896
4937 17.2023
4938 63.6194
4939 75.0698
4940 66.1099
4941 55.5365
4942 54.5083
4943 97.5215
4944 24.1033
4945 20.6935
4946 32.9671
4947 97.3806
4948 31.0883
4949 2.84411
4950 7.97654
4951 39.6624
4952 63.5757
4953 33.5812
4954 23.5289
4955 68.8399
4956 2.98788
4957 48.2581
4958 90.3034
4959 83.3267
4960 41.0714
4961 83.3641
4962 76.3369
4963 77.5025
4964 64.9363
4965 31.8874
4966 69.1867
4967 89.2097
4968 17.0371
4969 59.0408
4970 46.0625
4971 16.8876
4972 20.9405
4973 25.2274
4974 4.0814
4975 13.1349
4976 12.0754
4977 26.0859
4978 77.1062
4979 37.2456
4980 32.9941
4981 56.1119
4982 23.4999
4983 76.45
4984 96.4038
4985 48.8229
4986 79.0584
4987 79.9517
4988 44.7934
4989 70.1415
4990 98.4181
4991 44.9995
4992 69.0909
4993 63.485
4994 93.7039
4995 13.4569
4996 78.5464
4997 86.6861
4998 72.9493
4999 67.065
5000 70.6536
