1 87.8057
2 79.9752
3 44.9594
4 89.1338
5 28.1752
6 47.2768
7 31.259
8 99.5887
9 18.6206
10 41.3539
11 79.2769
12 88.72
13 3.32609
14 89.5334
15 11.0778
16 89.3303
17 63.4588
18 49.7091
19 24.3564
20 17.4895
21 38.6695
22 7.39367
23 44.3963
24 29.6292
25 31.4802
26 55.9945
27 28.8852
28 99.9056
29 97.742
30 66.2807
31 56.237
32 47.0018
33 63.0091
34 15.0796
35 27.0264
36 45.3645
37 66.1199
38 26.1988
39 94.9793
40 65.6184
41 12.0271
42 4.63318
43 79.8533
44 74.2291
45 93.3887
46 62.2654
47 89.055
48 89.0864
49 23.4514
50 53.2299
51 95.4192
52 32.7682
53 22.5389
54 62.1404
55 66.2039
56 52.2097
57 75.9142
58 2.3714
59 82.0366
60 39.2459
61 92.3638
62 61.6923
63 60.2927
64 99.2434
65 55.4047
66 16.6686
67 3.58954
68 62.3308
69 99.5143
70 54.1915
71 20.9384
72 90.0381
73 79.6739
74 28.9306
75 71.899
76 37.2612
77 97.5936
78 48.0628
79 74.1289
80 92.4248
81 96.886
82 35.5955
83 20.4873
84 31.3135
85 26.6925
86 75.189
87 89.271
88 56.507
89 30.0918
90 84.698
91 21.5142
92 64.8602
93 40.966
94 94.306
95 34.9105
96 90.6252
97 47.2846
98 62.8308
99 87.6687
100 54.7063
101 59.0632
102 26.5709
103 11.6029
104 3.89723
105 85.6675
106 81.329
107 28.1005
108 78.6653
109 6.78642
110 35.3546
111 30.0267
112 79.0812
113 67.4155
114 21.1664
115 59.927
116 89.7794
117 87.7446
118 44.1214
119 62.7073
120 91.0922
121 75.045
122 45.402
123 3.89008
124 64.5293
125 22.7467
126 89.1604
127 79.041
128 83.6107
129 63.4076
130 79.2329
131 42.5825
132 37.299
133 40.2753
134 68.3791
135 79.3279
136 54.9022
137 85.8402
138 13.819
139 25.4079
140 68.3379
141 80.818
142 52.031
143 42.4386
144 93.2575
145 35.4118
146 2.47851
147 1.37241
148 23.094
149 85.0137
150 80.585
151 96.2338
152 62.028
153 57.7245
154 99.4871
155 92.8149
156 21.5959
157 52.4118
158 7.92312
159 32.9026
160 4.27676
161 29.469
162 12.559
163 35.0862
164 73.5855
165 68.3503
166 89.6366
167 63.7837
168 63.9654
169 49.9365
170 84.2335
171 35.9096
172 53.3788
173 23.2073
174 8.88436
175 51.4124
176 41.0453
177 39.5909
178 49.5973
179 26.6547
180 34.1395
181 3.10336
182 9.12835
183 93.2066
184 69.8123
185 10.6896
186 98.3918
187 98.3489
188 70.4613
189 29.2994
190 32.2895
191 94.0662
192 64.2153
193 91.7615
194 37.6928
195 25.1299
196 47.6551
197 53.2142
198 28.4239
199 69.0481
200 38.076
201 31.691
202 34.4082
203 63.2786
204 88.752
205 46.0888
206 62.0733
207 27.2254
208 23.4569
209 46.678
210 65.1517
211 88.2308
212 97.5602
213 80.7985
214 21.9742
215 74.2345
216 85.9551
217 62.6877
218 57.5108
219 70.6665
220 13.4871
221 90.6204
222 64.3034
223 87.5523
224 78.9635
225 69.2436
226 55.5135
227 62.8458
228 41.6244
229 71.419
230 86.2508
231 82.7216
232 68.9068
233 38.3232
234 28.4336
235 34.7734
236 62.8273
237 27.7937
238 69.9865
239 67.7274
240 16.0527
241 45.8762
242 52.5021
243 39.4536
244 19.0852
245 29.2534
246 52.6363
247 17.6722
248 41.3951
249 78.6306
250 16.8117
251 32.2931
252 56.6242
253 19.2426
254 1.39857
255 66.8315
256 7.73014
257 56.4062
258 18.3378
259 40.59
260 11.6427
261 79.2491
262 17.4899
263 45.4313
264 99.4911
265 60.9933
266 92.9596
267 76.9886
268 41.8195
269 84.1634
270 45.6916
271 20.4956
272 72.7061
273 38.6774
274 41.7231
275 46.6321
276 85.4497
277 82.4357
278 15.0296
279 78.0667
280 44.2239
281 2.74936
282 98.5069
283 51.6369
284 50.7138
285 79.7703
286 66.2388
287 43.7356
288 13.5022
289 47.2375
290 64.414
291 65.6638
292 81.9714
293 33.038
294 3.29517
295 64.8392
296 84.1987
297 45.078
298 2.71878
299 79.5556
300 21.6082
301 60.5796
302 69.9933
303 83.2909
304 33.6108
305 26.3672
306 53.3442
307 35.8623
308 49.309
309 30.9318
310 46.4028
311 93.5624
312 10.8629
313 40.7311
314 7.38433
315 85.3647
316 40.0182
317 3.14101
318 47.9866
319 81.4766
320 32.8576
321 40.3801
322 47.3685
323 87.7322
324 32.7544
325 87.804
326 51.1608
327 68.8379
328 68.7074
329 53.9393
330 39.2784
331 43.8141
332 45.9077
333 87.925
334 6.30429
335 50.1603
336 82.9028
337 45.3555
338 13.278
339 40.5582
340 71.0405
341 61.4303
342 12.6391
343 94.8596
344 32.8705
345 58.8684
346 18.6892
347 5.7467
348 83.8444
349 31.2028
350 46.0458
351 33.4085
352 91.7557
353 39.1054
354 6.87262
355 98.1124
356 54.7867
357 25.1022
358 78.0059
359 11.4042
360 30.5931
361 95.559
362 6.82443
363 80.1727
364 96.3746
365 53.6243
366 90.8506
367 73.6565
368 72.4823
369 38.9241
370 30.1621
371 77.6402
372 3.5968
373 85.4844
374 71.9455
375 25.7464
376 15.5131
377 85.2447
378 3.39238
379 15.666
380 81.3835
381 52.5229
382 91.9707
383 88.0121
384 84.7768
385 60.0128
386 47.4511
387 89.8014
388 61.4416
389 4.31585
390 92.5517
391 53.1947
392 97.171
393 73.2171
394 14.127
395 55.157
396 11.2195
397 93.3019
398 88.8186
399 76.1709
400 59.4546
401 70.291
402 37.816
403 17.3751
404 96.989
405 83.334
406 65.5352
407 98.4049
408 21.0232
409 30.2371
410 51.1733
411 80.3444
412 11.6142
413 94.7576
414 1.63083
415 10.4209
416 36.7112
417 60.511
418 4.60614
419 21.4749
420 98.2462
421 26.6689
422 75.525
423 93.6908
424 90.3425
425 48.1377
426 46.6137
427 73.0802
428 88.9498
429 3.59837
430 12.7985
431 1.29521
432 12.6737
433 82.4153
434 69.4955
435 32.2891
436 87.8623
437 42.1314
438 78.7118
439 95.9437
440 38.2701
441 27.2408
442 84.2762
443 61.1149
444 56.5423
445 29.5603
446 61.2787
447 37.686
448 9.86545
449 7.682
450 39.4249
451 31.4379
452 37.8067
453 59.1586
454 45.7756
455 44.7779
456 8.02128
457 98.6385
458 87.1366
459 21.4779
460 48.6636
461 74.2016
462 26.7625
463 64.5268
464 79.8884
465 69.6112
466 96.6703
467 72.2527
468 41.9014
469 74.1758
470 88.2862
471 38.5401
472 9.68146
473 83.3271
474 48.0207
475 59.8439
476 78.7263
477 41.1728
478 4.48215
479 16.5367
480 63.5598
481 63.2367
482 77.3741
483 84.8386
484 9.44569
485 80.7863
486 13.8312
487 32.8761
488 53.3245
489 1.35726
490 65.4192
491 30.544
492 62.7483
493 87.5404
494 75.7328
495 22.8932
496 76.1194
497 84.8572
498 24.2171
499 51.2193
500 62.5358
501 79.8698
502 54.5183
503 68.0072
504 65.5034
505 60.267
506 63.24
507 34.6981
508 85.6278
509 6.80157
510 91.9426
511 12.0053
512 34.7661
513 39.5962
514 40.1383
515 42.9389
516 86.5164
517 92.4504
518 33.4617
519 95.025
520 41.2085
521 10.7891
522 87.4167
523 77.0163
524 12.8022
525 64.2501
526 82.8016
527 27.3356
528 93.3068
529 72.2429
530 75.1713
531 88.5779
532 90.1934
533 15.9089
534 5.32106
535 58.01
536 46.5635
537 21.1488
538 61.8016
539 16.1726
540 81.0895
541 60.4317
542 58.675
543 36.2391
544 45.9077
545 87.9072
546 3.79274
547 12.647
548 28.5564
549 20.2445
550 9.70789
551 32.4376
552 10.2655
553 98.6724
554 62.3434
555 13.6253
556 38.1594
557 47.7603
558 38.9685
559 82.0146
560 65.7171
561 86.9956
562 28.5171
563 51.3711
564 38.5559
565 78.4898
566 27.0912
567 44.0126
568 15.1828
569 78.3802
570 66.189
571 99.0002
572 26.6196
573 39.3284
574 93.2134
575 86.3722
576 43.8497
577 50.0188
578 81.7739
579 80.598
580 18.093
581 83.4061
582 89.8154
583 98.0481
584 62.7206
585 17.9768
586 12.6785
587 63.2487
588 82.1218
589 86.7369
590 35.8866
591 62.4337
592 46.9054
593 25.5623
594 88.2619
595 25.7035
596 85.9816
597 13.6004
598 15.4882
599 63.7551
600 78.3047
601 84.5158
602 28.5884
603 61.9278
604 58.266
605 92.322
606 53.3284
607 67.5602
608 76.7814
609 24.7179
610 53.0337
611 64.1599
612 50.8558
613 90.2318
614 67.8894
615 65.2651
616 14.2973
617 46.4187
618 63.7728
619 80.1701
620 52.4801
621 65.6257
622 36.132
623 29.3764
624 39.8584
625 90.8176
626 13.1739
627 73.2901
628 53.0984
629 63.5122
630 56.1358
631 28.0917
632 30.4831
633 27.9033
634 32.2461
635 57.7061
636 85.8477
637 40.876
638 65.8895
639 14.1146
640 43.6497
641 55.2905
642 76.6788
643 81.0598
644 56.8202
645 46.9742
646 93.0476
647 71.3065
648 77.8102
649 88.111
650 64.0538
651 50.8659
652 62.0067
653 97.2985
654 38.237
655 63.7584
656 35.6799
657 53.7728
658 13.0694
659 99.9041
660 72.5413
661 39.8914
662 49.9897
663 87.0433
664 37.8238
665 49.9736
666 14.5383
667 37.9478
668 54.6755
669 37.4412
670 54.8774
671 63.8857
672 96.3867
673 58.3016
674 95.725
675 24.8491
676 80.1507
677 24.2983
678 30.2449
679 84.7527
680 50.0508
681 25.2654
682 49.3536
683 87.5161
684 64.3057
685 26.6498
686 50.5548
687 80.4991
688 38.3851
689 79.187
690 63.7204
691 89.6131
692 64.2855
693 83.1448
694 54.0264
695 18.2411
696 98.0321
697 90.8141
698 53.9841
699 97.9446
700 6.4786
701 9.83367
702 67.5144
703 1.08337
704 16.1511
705 18.2047
706 79.8976
707 27.4248
708 9.31839
709 20.2469
710 50.1065
711 70.0847
712 36.1539
713 1.44239
714 11.2355
715 66.2909
716 28.8821
717 48.3877
718 89.9139
719 70.8864
720 45.7508
721 24.59
722 81.2986
723 10.7655
724 87.0314
725 35.7298
726 99.2508
727 81.972
728 44.0938
729 93.6524
730 38.3411
731 32.5932
732 50.5933
733 35.2531
734 8.23889
735 92.952
736 48.7407
737 83.1536
738 3.21409
739 88.2799
740 30.775
741 83.9793
742 20.4253
743 78.2228
744 93.3574
745 31.0993
746 89.3965
747 87.2797
748 51.3607
749 62.8078
750 96.0286
751 79.4541
752 97.7217
753 22.9127
754 6.93217
755 10.0553
756 29.9676
757 75.9391
758 25.1573
759 13.3334
760 82.0388
761 78.0043
762 83.9266
763 26.5505
764 65.7921
765 61.1796
766 54.9471
767 47.6395
768 87.713
769 7.29765
770 14.6449
771 46.7093
772 96.6912
773 28.6095
774 20.3417
775 59.7562
776 90.9834
777 27.9195
778 7.14414
779 8.57145
780 39.4044
781 82.6139
782 40.5937
783 73.0775
784 42.7401
785 12.1436
786 81.9583
787 11.8023
788 88.1078
789 10.5539
790 95.1453
791 82.6094
792 64.3356
793 33.7843
794 72.3856
795 96.6931
796 60.7192
797 39.0543
798 39.5367
799 29.4813
800 21.9649
801 17.6975
802 70.247
803 90.0524
804 23.3773
805 94.3501
806 82.2939
807 8.41589
808 97.8651
809 55.9614
810 66.9532
811 71.8137
812 87.0587
813 97.9403
814 34.2379
815 71.8603
816 78.7059
817 95.6254
818 34.3264
819 75.4914
820 24.0337
821 37.7944
822 50.1726
823 92.2189
824 2.38684
825 44.5679
826 42.1223
827 24.4822
828 52.4694
829 84.7072
830 78.2565
831 66.4622
832 36.9069
833 83.1257
834 29.3755
835 24.2127
836 76.7045
837 19.285
838 21.6008
839 36.3848
840 19.6701
841 58.9142
842 95.8842
843 27.2831
844 2.7922
845 26.5584
846 99.8008
847 18.2076
848 29.5278
849 11.3606
850 89.7502
851 91.218
852 10.7925
853 45.7674
854 7.27487
855 27.6863
856 46.8375
857 72.718
858 41.1969
859 13.6562
860 61.1033
861 59.397
862 91.8909
863 34.7805
864 83.2728
865 27.4925
866 57.3219
867 64.0631
868 9.13123
869 42.6214
870 96.565
871 85.3517
872 20.394
873 48.215
874 58.9493
875 91.6583
876 85.8186
877 46.0725
878 86.0246
879 43.3321
880 62.5838
881 94.491
882 74.672
883 13.9832
884 13.2057
885 13.6491
886 40.9335
887 42.6159
888 5.10949
889 66.11
890 57.0428
891 25.7448
892 87.2994
893 85.0731
894 89.945
895 97.9762
896 43.3992
897 2.67624
898 57.5132
899 12.2325
900 91.9383
901 38.373
902 72.8478
903 44.139
904 61.8523
905 75.9683
906 19.984
907 86.8655
908 19.9691
909 35.2611
910 43.0448
911 84.866
912 74.5912
913 42.0223
914 26.7825
915 4.79148
916 67.4048
917 38.6649
918 29.613
919 57.3996
920 82.5934
921 91.5264
922 45.8808
923 30.9119
924 7.51007
925 20.7217
926 11.1741
927 23.8426
928 94.3366
929 54.6133
930 80.2277
931 31.1978
932 61.78
933 49.2544
934 4.48176
935 9.89271
936 69.843
937 31.9885
938 84.8108
939 37.4116
940 51.5184
941 40.4354
942 86.6014
943 36.1748
944 54.1578
945 47.8561
946 65.8755
947 77.2876
948 17.6194
949 44.6218
950 57.9962
951 12.4023
952 74.9367
953 6.72584
954 7.17058
955 56.9385
956 55.011
957 32.8732
958 5.71701
959 79.7796
960 24.4909
961 99.9722
962 28.0849
963 15.4441
964 15.4024
965 6.69054
966 7.97174
967 58.0976
968 33.9538
969 49.2824
970 78.8979
971 55.2426
972 64.7446
973 78.0379
974 55.3307
975 59.539
976 4.70675
977 29.3084
978 84.8145
979 99.6103
980 83.9391
981 37.7471
982 46.8025
983 78.0271
984 70.7543
985 3.66364
986 20.7327
987 96.9168
988 57.904
989 45.8863
990 25.1959
991 69.2407
992 6.7004
993 74.6611
994 28.2299
995 75.5461
996 52.991
997 40.2765
998 87.6355
999 90.0841
1000 60.7504
