1 87.7801
2 46.2413
3 51.3968
4 75.7238
5 69.6246
6 24.9371
7 75.5642
8 59.7377
9 76.3592
10 56.7122
11 14.3756
12 74.7867
13 60.5623
14 75.5863
15 34.4187
16 41.7998
17 48.8138
18 24.5592
19 58.7375
20 96.1159
21 60.7428
22 40.7072
23 1.20961
24 58.8931
25 39.053
26 17.5181
27 25.4359
28 42.5524
29 25.6721
30 52.4911
31 52.2189
32 31.9009
33 96.5752
34 58.013
35 97.2469
36 62.0233
37 78.2897
38 30.0058
39 25.2602
40 60.0569
41 95.951
42 61.6414
43 94.9218
44 88.0156
45 43.8775
46 22.8006
47 5.50436
48 69.7482
49 23.508
50 13.4739
51 66.2807
52 56.0186
53 37.7299
54 55.0197
55 80.4852
56 3.23071
57 70.4619
58 39.7283
59 81.6537
60 39.3823
61 7.86211
62 96.4161
63 56.5669
64 46.9628
65 99.0449
66 85.8468
67 25.0954
68 62.9065
69 72.1685
70 11.2533
71 68.1283
72 23.0457
73 65.4476
74 13.489
75 24.2143
76 4.91667
77 92.4121
78 82.4384
79 61.2618
80 51.1665
81 65.4069
82 22.0268
83 67.6475
84 59.1301
85 61.1291
86 97.4706
87 60.0255
88 62.586
89 31.8629
90 52.7325
91 51.6665
92 54.1068
93 82.1992
94 1.44081
95 83.7424
96 98.8035
97 87.0167
98 85.6156
99 98.8092
100 83.6121
101 85.6911
102 81.8848
103 63.2801
104 15.3006
105 78.4644
106 94.7328
107 79.641
108 69.6787
109 42.7388
110 89.82
111 76.8631
112 10.4092
113 37.5901
114 81.127
115 97.5443
116 11.836
117 60.7841
118 42.0622
119 4.74987
120 60.9864
121 74.7796
122 39.3226
123 93.0904
124 97.0332
125 33.9419
126 47.1798
127 83.9305
128 91.8221
129 66.4206
130 31.8312
131 15.784
132 85.0233
133 44.1307
134 20.421
135 6.87126
136 75.2036
137 37.1863
138 26.8286
139 87.0692
140 77.8423
141 33.9332
142 98.7104
143 7.50915
144 5.24638
145 89.9541
146 53.0377
147 33.0472
148 58.57
149 53.3167
150 68.608
151 65.246
152 90.1301
153 41.9819
154 40.8803
155 39.8263
156 44.7736
157 34.4432
158 58.2771
159 81.0243
160 53.6373
161 11.77
162 40.0563
163 50.1968
164 3.56671
165 74.6485
166 14.8693
167 56.4166
168 94.9827
169 23.4972
170 30.7408
171 3.31671
172 30.9656
173 19.076
174 72.9817
175 17.2478
176 35.4826
177 4.85251
178 4.19504
179 42.0933
180 31.6506
181 49.208
182 16.4637
183 24.3846
184 95.032
185 59.762
186 88.1753
187 56.1207
188 71.0135
189 4.13904
190 90.8604
191 39.4522
192 94.2575
193 11.2752
194 39.7194
195 30.789
196 22.5007
197 14.0967
198 40.2665
199 19.756
200 16.7897
201 57.7903
202 17.2991
203 6.27421
204 39.6785
205 36.9908
206 7.87722
207 53.4555
208 25.7989
209 5.75936
210 98.5206
211 85.0976
212 5.82003
213 29.1922
214 13.8885
215 6.34991
216 24.9516
217 20.7344
218 26.2594
219 23.4807
220 50.1122
221 66.9567
222 32.1696
223 58.877
224 63.9752
225 15.4928
226 42.1362
227 59.5383
228 90.3699
229 13.4736
230 61.6078
231 25.8829
232 32.2158
233 43.2441
234 68.6836
235 48.4883
236 97.58
237 16.6507
238 97.8279
239 26.2296
240 17.6602
241 37.0022
242 1.91867
243 96.0273
244 56.7599
245 24.2821
246 54.6038
247 20.5581
248 34.5693
249 97.8254
250 82.1951
251 30.3491
252 53.7525
253 66.7016
254 1.19516
255 14.0784
256 29.0268
257 4.6975
258 71.9418
259 62.9995
260 51.059
261 40.2055
262 82.101
263 33.5403
264 30.4543
265 39.9895
266 16.1484
267 71.3336
268 37.1622
269 17.3377
270 62.4061
271 77.79
272 46.0764
273 52.0258
274 53.1985
275 62.316
276 48.5072
277 19.415
278 28.142
279 83.8905
280 13.4206
281 62.0576
282 61.5367
283 18.9484
284 6.48244
285 74.4451
286 61.1936
287 92.9373
288 98.7667
289 63.7375
290 80.5459
291 32.4289
292 61.6636
293 72.4479
294 54.1252
295 93.6707
296 49.1494
297 21.2634
298 8.09691
299 82.6998
300 98.0952
301 62.9544
302 85.137
303 73.9669
304 43.1953
305 39.9755
306 78.9704
307 86.2281
308 96.8616
309 21.5727
310 58.7364
311 77.2438
312 74.0182
313 13.1028
314 66.4245
315 97.3446
316 20.3517
317 30.8121
318 14.7529
319 79.9192
320 93.5003
321 56.441
322 10.186
323 49.4303
324 89.3585
325 41.6736
326 7.39363
327 43.654
328 28.3223
329 44.3602
330 17.6986
331 89.1748
332 24.3785
333 90.9365
334 31.3933
335 79.4073
336 3.85821
337 23.9051
338 54.5921
339 20.6111
340 33.4764
341 44.7115
342 80.3731
343 98.8294
344 28.507
345 80.1199
346 1.18169
347 84.6485
348 81.3315
349 69.666
350 26.8074
351 26.8948
352 10.1073
353 13.3173
354 8.24771
355 43.2082
356 58.4499
357 13.8907
358 43.7539
359 23.6371
360 5.58032
361 59.4361
362 56.9809
363 75.3295
364 74.7626
365 51.396
366 62.2421
367 93.6308
368 71.2091
369 24.847
370 44.8945
371 87.2649
372 98.6563
373 89.0143
374 98.798
375 94.5798
376 81.9076
377 49.7762
378 61.8946
379 92.8962
380 1.54663
381 80.1845
382 96.1869
383 65.8473
384 96.9072
385 94.7713
386 33.5535
387 54.3787
388 97.3532
389 65.53
390 12.4668
391 69.1598
392 33.7702
393 33.4144
394 92.4087
395 25.6572
396 99.3504
397 72.9038
398 93.4964
399 89.9184
400 47.3514
401 96.9823
402 68.8599
403 42.2479
404 56.6411
405 6.52757
406 40.8312
407 6.75451
408 92.9943
409 65.743
410 27.8514
411 49.806
412 68.5085
413 75.781
414 40.8298
415 81.4425
416 54.1153
417 27.7468
418 74.9912
419 32.9388
420 18.875
421 59.3502
422 98.5383
423 85.1429
424 74.5402
425 74.4563
426 50.5459
427 29.9064
428 38.3102
429 7.95098
430 6.20432
431 52.9309
432 19.7252
433 92.6436
434 13.3487
435 42.2907
436 82.4475
437 16.9501
438 81.8075
439 50.4866
440 22.578
441 25.8837
442 46.098
443 19.7366
444 86.5588
445 12.2952
446 57.0487
447 25.7331
448 87.7684
449 47.9237
450 13.0768
451 26.3712
452 22.3842
453 34.958
454 96.9645
455 66.704
456 41.9432
457 83.7562
458 32.9372
459 90.7372
460 48.3583
461 90.9737
462 63.2767
463 57.4636
464 69.9517
465 76.5153
466 6.4723
467 3.0054
468 45.7016
469 89.3382
470 96.6462
471 63.1616
472 4.71467
473 63.4658
474 67.1128
475 81.737
476 53.6819
477 68.6239
478 35.699
479 77.3987
480 4.67295
481 55.3134
482 65.452
483 87.0201
484 43.9322
485 50.0891
486 74.0793
487 50.3985
488 28.0672
489 14.3551
490 27.7236
491 80.19
492 89.9433
493 70.4317
494 26.7307
495 25.525
496 56.3064
497 24.5788
498 92.0299
499 94.1984
500 9.42003
